tree
version=v4
num_class=1
num_tree_per_iteration=1
label_index=0
max_feature_idx=5
objective=lambdarank
feature_names=Column_0 Column_1 Column_2 Column_3 Column_4 Column_5
feature_infos=[0:4011.8434999999999] [0:0.99983405999999997] [0:189.20660000000001] [0:0.95054435999999998] [0:50.853929999999998] [0:0.90096189999999998]
tree_sizes=6811 6766 6765 6786 6788

Tree=0
num_leaves=63
num_cat=0
split_feature=5 2 4 4 4 0 0 4 4 2 3 1 5 3 1 1 3 4 5 0 5 2 1 0 2 2 4 2 2 2 4 1 3 0 1 1 3 0 2 1 0 0 1 1 1 2 2 0 0 4 4 4 5 0 0 5 0 0 0 4 0 0
split_gain=452.767 201.558 27.1193 9.44199 15.8669 7.18188 4.95175 16.8861 4.02308 4.0023 3.8993 2.81073 1.99325 1.76705 1.65231 1.39558 1.24812 1.10302 1.03008 1.46703 0.991099 0.851692 0.704949 0.677127 0.52737 2.71683 0.646319 0.404091 3.42414 0.393141 0.312184 0.526684 0.294659 0.28205 0.273162 0.318705 0.229058 0.186606 0.166397 0.165413 0.126888 0.478699 0.124026 0.117989 0.155712 0.106349 0.448782 0.0979122 0.0884213 0.0820917 1.14495 0.840876 0.0622117 0.0598174 0.147418 0.0593638 0.0534698 0.0766289 0.0654187 0.0519395 0.0332203 0.167728
threshold=1.0000000180025095e-35 1.0000000180025095e-35 1.0000000180025095e-35 1.3094738500000003 13.845180000000001 1.0000000180025095e-35 75.705512500000012 4.4625571500000012 15.302252000000001 28.013348500000003 0.72075092500000004 0.73893595000000012 0.73109532500000018 0.77279078500000009 0.81367052500000014 0.81921005000000013 0.82335126500000011 13.845180000000001 0.7656033000000001 5.0663320000000001 0.68386985000000011 9.2298515000000005 0.74119091500000012 207.99890000000002 7.0333982500000003 21.074749000000001 5.9981423000000005 40.062615000000008 38.752006500000007 47.089159000000002 28.575758000000004 0.85313260000000002 0.82966397500000011 109.77674800000001 0.77685653500000018 0.78388882500000012 0.83933663500000011 94.420422500000015 36.38854700000001 0.81411673000000018 139.59333000000001 156.77439000000004 0.87935041500000011 0.85487925000000009 0.82661985000000004 64.62057200000001 67.142692000000011 368.6665000000001 141.63254000000003 12.077254000000002 2.7556262000000005 10.433232500000001 0.7435880800000001 169.98526500000003 197.47713000000002 0.71581565000000003 229.06480500000004 255.50420000000003 339.43917500000003 22.456983000000005 16.431413500000001 30.840277500000003
decision_type=2 2 2 2 2 2 2 2 2 2 2 2 2 2 2 2 2 2 2 2 2 2 2 2 2 2 2 2 2 2 2 2 2 2 2 2 2 2 2 2 2 2 2 2 2 2 2 2 2 2 2 2 2 2 2 2 2 2 2 2 2 2
left_child=6 3 9 10 11 8 16 13 -4 -3 20 -5 -12 21 -15 -6 24 -9 19 -11 -2 33 -14 -23 34 -26 27 28 38 -28 45 -32 -18 37 49 -36 -34 -8 -27 -37 -35 -42 43 44 -41 -7 -47 53 52 50 60 -52 55 -43 -55 -22 -56 -58 -59 -48 -1 -62
right_child=1 2 5 4 15 30 7 17 -10 18 12 -13 22 14 -16 -17 32 -19 -20 -21 48 23 -24 -25 25 26 29 -29 -30 -31 31 -33 36 40 35 39 -38 -39 -40 42 41 47 -44 -45 -46 46 59 -49 -50 -51 51 -53 -54 54 56 -57 57 58 -60 -61 61 -63
leaf_value=-0.098810490096828962 -0.036415763191280474 0.062731657049675552 0.082719894522516116 -6.3881058062856003e-05 -0.098846322075148846 0.10000000000000001 -0.088961648617821007 0.099999999999999978 -0.058013987980192833 -0.062090136652136252 0.03281590904522199 0.096659377572375166 -0.015330090960060975 0.032508108946839802 -0.066275305417688377 -0.036528683694811513 -0.031266236190501416 0.02613121310224218 -0.083816785639310082 0.020239825674161112 -0.098344864531736353 -0.0062342822542028409 -0.079188547562055456 -0.081154810838631339 -0.0095379372123206175 -0.097003651241916677 -0.016512637035091145 -0.097290257063742835 0.016640229534988393 -0.080012498700429147 0.064742518481280695 0.096666413806889798 -0.089486531716745685 -0.10000000000000001 -0.059688504218115307 -0.096408717608245223 -0.057176048408769803 -0.060144916852469865 -0.073804976517279353 -0.064130667826137688 -0.052272893795510603 -0.099999999999999908 -0.095264491883516239 -0.054029283767834647 -0.099999999999999839 0.069408625987297565 0.09969052002746831 -0.099999999999999978 -0.082765926948459079 -0.098988415879012637 -0.018599578532264949 -0.085221877505801735 -0.099536432727457616 -0.065700134026068668 -0.099999999999999867 -0.088638457161430206 -0.073740376379177644 -0.099999999999999922 -0.080244587570554096 0.091226857399969982 -0.07621383872655646 -0.098762550738182478
leaf_weight=16.802814413793392 0.75179171701893821 0.98881557211279769 0.90953218052163665 1.1292184834601351 3.0447095716372132 76.58158409682801 0.95183313009329795 1.2911064983345562 1.1497264038771389 1.3698959555476911 0.89870362705551032 2.2430773968808353 0.65615716669708479 0.63718604855239291 1.2611789368093012 1.274461439810693 0.70342394337058012 0.83038944518193591 1.4265143703669307 0.89432586589828122 2.7625637309974973 0.59776249807327875 1.26606949721463 0.60867224493995309 1.1202727733179951 5.8570369026856559 0.46427233703434367 11.819753555115311 0.78106877882964898 0.51316924975253642 1.7810908379033197 4.7048233854584396 0.82294839527457986 2.9484180635772637 0.99293163232505222 4.0600343468831852 1.6449619701597837 1.370965782087296 0.89048261125572015 0.62188139138743304 0.84609934710897317 0.86048114905133832 0.93014171812683333 0.5720900036394595 0.58924957946874201 1.4966930979862798 11.025250880746169 2.5107465086039156 1.29956904798746 17.305372681235895 0.8047247463837256 1.151112987892702 7.3902111632050946 0.76783364010043431 0.951976215001196 3.6650970235932618 0.84096182323992286 1.0493101400788871 0.69767982698976982 2.1693428726866832 1.0333833167096589 4.0840919723268598
leaf_count=456 27 21 29 28 96 1118 36 29 33 32 34 44 27 26 35 30 20 30 27 27 84 26 37 21 31 145 23 311 13 17 29 59 23 62 22 86 46 28 31 23 34 19 17 19 23 21 125 67 25 434 17 31 181 35 41 111 17 38 12 34 31 114
internal_value=-1.63422e-10 0.0598608 0.0910376 -0.0636307 -0.017002 0.0965527 -0.0846173 -0.0618782 0.00414527 -0.0266034 -0.0828195 0.0642714 -0.028652 -0.0785685 -0.0331187 -0.0804582 -0.0904972 0.0710865 -0.0505379 -0.0295713 -0.0924484 -0.0843194 -0.0573903 -0.0440333 -0.0918796 -0.0853414 -0.0895194 -0.0915234 -0.0824695 -0.0498509 0.0984993 0.0878998 -0.0598135 -0.0878423 -0.0947442 -0.086143 -0.0679503 -0.0719534 -0.0939421 -0.0900211 -0.091059 -0.0879667 -0.0804632 -0.0727427 -0.0815821 0.0992525 0.0953558 -0.0918996 -0.0952349 -0.0963663 -0.0944657 -0.0578103 -0.0964076 -0.0879644 -0.0855603 -0.0928102 -0.0898681 -0.0861411 -0.0921105 0.098299 -0.0977363 -0.0942092
internal_weight=223.467 130.879 104.498 26.3816 7.69147 99.818 92.5878 19.0226 2.05926 4.67955 18.6902 3.3723 2.82093 16.9011 1.89836 4.31917 73.5652 2.1215 3.69074 2.26422 15.8692 15.0027 1.92223 1.20643 70.3939 21.4461 20.3258 19.3483 7.52859 0.977442 97.7588 6.48591 3.17133 13.7963 48.9478 7.76633 2.46791 2.3228 6.74752 6.7734 11.4735 8.52509 2.71336 1.78322 1.21113 91.2729 14.6913 7.67899 15.1174 41.1815 23.8761 1.95584 13.8179 5.16824 4.30776 6.42766 3.53993 2.58795 1.74699 13.1946 21.9203 5.11748
internal_count=4768 2279 1555 724 198 1448 2489 556 62 107 526 72 98 497 61 126 1933 59 86 59 428 436 64 47 1844 571 540 500 189 40 1386 88 89 389 1273 190 69 64 176 168 325 263 82 65 46 1298 180 229 401 1083 649 48 376 162 143 195 108 67 50 159 601 145
is_linear=0
shrinkage=0.05


Tree=1
num_leaves=63
num_cat=0
split_feature=0 4 1 2 2 4 1 4 1 4 4 2 3 3 3 0 2 1 3 5 3 2 5 5 0 4 2 2 5 0 0 1 1 0 0 0 0 3 4 4 5 5 5 1 1 3 3 0 2 2 4 5 0 5 0 2 2 2 1 1 4 4
split_gain=912.711 507.22 39.706 29.6662 10.067 9.26235 9.16816 23.4617 6.87634 10.1972 6.9638 6.33402 4.9826 3.57016 2.26201 2.11329 1.99064 1.75162 1.65991 1.32419 2.45985 2.37071 1.72128 1.12408 1.03658 0.819122 0.766062 2.92194 0.709621 0.613512 2.41562 0.588634 0.541948 0.453558 0.357077 3.17015 0.363362 0.320707 0.298296 1.18184 0.473541 1.55562 0.351872 0.289076 0.554488 0.292643 0.273824 0.244166 0.205523 0.78365 0.220458 0.205495 0.178258 0.168824 0.123975 0.102306 0.592524 0.166366 0.09803 0.126862 0.0888752 0.0765003
threshold=1.0000000180025095e-35 1.0000000180025095e-35 0.9764186250000001 1.0000000180025095e-35 64.62057200000001 13.845180000000001 0.88294638500000011 24.459331500000001 0.82170715000000005 5.4581128000000012 15.040039000000002 67.712905000000021 0.83685827000000013 0.69458412500000011 0.86579143000000014 156.77439000000004 0.89681521500000005 0.85213243000000016 0.79313600000000017 0.62486136500000011 0.70522095000000007 22.8255455 0.72706461000000011 0.68386985000000011 354.92351000000008 29.990793500000006 7.0333982500000003 21.074749000000001 0.59301793500000011 172.70846500000002 148.27819000000002 0.74040925000000002 0.93309498000000013 161.22682000000003 84.969820000000013 97.383440000000022 32.646168500000009 0.82335126500000011 11.555433000000003 15.597385250000002 0.73832545000000016 0.73357545000000013 0.71581565000000003 0.88401852500000011 0.85571766000000016 0.77279078500000009 0.85499300000000011 192.07391500000003 63.021198000000005 60.122420000000005 5.9981423000000005 0.72706461000000011 23.153243000000003 0.72182105000000008 111.11257200000001 36.38854700000001 40.062615000000008 38.988981000000003 0.77364658500000016 0.78184832000000015 12.127468500000001 27.460675000000005
decision_type=2 2 2 2 2 2 2 2 2 2 2 2 2 2 2 2 2 2 2 2 2 2 2 2 2 2 2 2 2 2 2 2 2 2 2 2 2 2 2 2 2 2 2 2 2 2 2 2 2 2 2 2 2 2 2 2 2 2 2 2 2 2
left_child=8 13 3 5 25 -3 7 11 12 43 -11 -6 19 17 46 16 -15 29 -18 26 23 22 -22 -21 47 28 37 -28 -5 30 34 48 -8 -32 36 -36 52 58 40 -40 41 42 -25 44 45 -10 -14 -17 49 50 55 53 -2 -44 -37 -29 57 -57 -1 -60 -24 -41
right_child=1 2 -4 4 6 -7 32 -9 9 10 -12 -13 14 15 -16 24 18 -19 -20 20 21 -23 60 38 -26 -27 27 31 -30 -31 33 -33 -34 -35 35 54 -38 -39 39 61 -42 -43 51 -45 -46 -47 -48 -49 -50 -51 -52 -53 -54 -55 -56 56 -58 -59 59 -61 -62 -63
leaf_value=-0.090376680646263419 -0.083598960101200492 0.041458321977088722 -0.065739880537852638 0.067556620867768938 0.015776283288013469 -0.083040587105411762 0.091540069885761396 -0.049928331912296293 -0.091370818975812562 0.092033951644135678 -0.034726762147100264 0.09159552439936347 -0.030167835949175277 -0.060935270748857677 -0.072770836757951873 -0.089294167770099409 -0.037286682187270999 -0.035275495892590318 0.034181572675554023 -0.042222018686625618 -0.034216604547370258 0.0013879571949342532 -0.076358665930298927 -0.092033387591267071 -0.039079214208775997 0.068673338117091198 -0.023558535406819472 -0.089895451413458408 0.091977133108472151 -0.087694243465120059 -0.02613394397968162 -0.053979391187149263 0.071851877474123305 -0.057700421931144913 -0.021031962337118921 -0.076940325370940227 -0.090490827152863051 -0.071685565671840479 -0.037593353898621819 -0.091333014037963511 -0.091071513986287073 -0.035309413185727161 -0.077448499189948963 -0.094043709523578656 -0.051136452474896732 -0.066354523237151311 -0.0037823696467820401 -0.068612008179501804 -0.091141428985570677 -0.051092941238204764 -0.069891206916536122 -0.087835239217748315 -0.058831702804756074 -0.054092974610251948 -0.089535610275857699 -0.074769995465102601 -0.08833260608085769 -0.051244928257897483 -0.074213663108562075 -0.087938647543700926 -0.089337440253330888 -0.077162038733918137
leaf_weight=82.048961668275297 1.4101051464676886 2.7811208572238675 4.4770130701363078 3.0172216948121777 3.6749540464952615 3.2277993271127343 16.445026495493952 5.3234861074015489 2.9523396342992765 1.7871486302465189 2.7517105601727962 10.999285693280397 1.8828858211636537 2.3634974583983412 3.2425419986248016 2.4292880762368423 1.5842832280322912 2.2785934153944245 1.6676597632467745 1.6546018868684758 2.842673968523739 1.5764796864241351 2.8112570941448212 7.711273826658724 2.5686283893883228 3.9560655485838643 2.0793608129024497 11.776565967127686 211.55693990853615 17.381019924767315 2.2245392054319373 1.555988298729061 4.438750520348548 2.3296593651175499 2.2211453057825556 2.552597584668546 12.29281146917492 2.5143558997660866 1.6290433648973692 3.2398244999349117 19.993238519877195 1.771732460707425 1.7597692571580412 1.9085759148001669 2.1788622997701168 1.9354278054088352 2.0580694116652012 3.4588771881535649 11.111582053825257 1.7888106666505326 2.1948165819048873 1.9527438580989835 1.4985702876001594 1.3808990009129045 8.3269853349775058 1.6099204868078261 13.246328662149606 1.4094889257103203 2.0747614931315175 8.9308271799236518 2.4849515818059444 1.348874934017658
leaf_count=920 15 34 17 36 16 37 57 33 29 26 32 84 27 30 14 18 19 28 27 31 35 34 35 95 36 24 28 139 1121 224 24 23 35 20 32 28 134 26 20 53 196 21 21 14 26 27 22 35 125 21 28 24 29 23 86 32 165 10 26 108 20 13
internal_value=2.23342e-10 0.0514312 0.081923 0.0844138 0.0869579 -0.0254185 0.064185 0.039988 -0.0804188 -0.0458908 0.0151845 0.0726077 -0.0827324 -0.0721594 -0.0418389 -0.0497939 -0.0260157 -0.0781525 -0.000636368 -0.0842428 -0.0774273 -0.054732 -0.0656023 -0.0826225 -0.065583 0.0912181 -0.0867401 -0.0814969 0.0916337 -0.0800973 -0.0760785 -0.0841925 0.0873554 -0.0422815 -0.0815169 -0.0754671 -0.0867306 -0.0893062 -0.0842614 -0.074179 -0.0860748 -0.0792212 -0.0852971 -0.0767772 -0.0721138 -0.081465 -0.0163887 -0.0771449 -0.0852823 -0.0832494 -0.0851517 -0.0750986 -0.0708387 -0.0671795 -0.0865805 -0.0863462 -0.0837764 -0.0637883 -0.0897823 -0.0853512 -0.0824482 -0.0871674
internal_weight=551.683 336.486 269.898 265.421 259.412 6.00892 40.8815 19.9977 215.197 13.5141 4.53886 14.6742 201.683 66.5883 7.1835 14.0722 5.61544 52.516 3.25194 194.499 52.1574 9.71536 8.13888 42.442 8.45679 218.53 142.342 46.7729 214.574 50.2374 32.8564 44.6935 20.8838 4.5542 28.3022 13.1007 15.2015 95.5689 40.7874 6.21774 34.5697 14.5764 12.8047 8.97521 7.06663 4.88777 3.94096 5.88817 43.1375 32.0259 30.2371 5.09341 2.90868 3.14067 10.8796 28.0423 16.2657 3.01941 93.0546 11.0056 5.29621 4.5887
internal_count=4768 2279 1494 1477 1406 71 225 133 2489 154 58 100 2335 785 63 165 76 620 46 2272 621 124 90 497 89 1181 1651 571 1157 592 368 543 92 44 324 146 178 1080 466 86 380 184 163 96 82 56 49 53 520 395 374 68 44 44 114 346 207 42 1054 134 55 66
is_linear=0
shrinkage=0.05


Tree=2
num_leaves=63
num_cat=0
split_feature=0 4 2 4 1 4 4 4 1 3 3 3 0 1 2 2 5 5 3 5 4 5 2 3 1 2 2 1 2 2 4 0 4 4 0 0 0 2 2 2 0 0 0 0 2 5 3 5 4 2 5 5 0 3 1 0 1 4 5 5 5 3
split_gain=668.104 371.312 17.3754 7.36865 5.40118 9.12493 6.63898 4.42584 8.50086 3.756 2.69884 2.31165 1.92569 1.46301 1.43841 5.17285 1.34733 0.942126 2.88987 1.74198 1.88158 0.907579 0.648935 0.62846 0.619471 0.606772 0.827694 1.19704 0.581705 1.87694 0.564094 0.547078 0.446763 1.5114 0.351079 1.49307 0.485985 0.303249 0.292053 1.28041 0.275793 1.63855 1.4265 0.27833 0.274032 0.219486 0.200373 0.19534 0.191296 0.189281 0.163318 0.247817 0.152751 0.0930266 0.0856795 0.0732018 0.0636784 0.05634 0.0540556 0.14754 0.0864078 0.0450466
threshold=1.0000000180025095e-35 1.0000000180025095e-35 1.0000000180025095e-35 13.845180000000001 0.82170715000000005 5.4581128000000012 15.040039000000002 28.575758000000004 0.85313260000000002 0.69458412500000011 0.83685827000000013 0.86579143000000014 89.336560000000006 0.85213243000000016 64.62057200000001 67.142692000000011 0.59301793500000011 0.62486136500000011 0.70522095000000007 0.73304115000000014 1.3094738500000003 0.68386985000000011 11.552051500000003 0.86236917000000013 0.93309498000000013 71.037690000000012 22.303391500000004 0.83464597500000015 7.0333982500000003 21.074749000000001 12.127468500000001 255.50420000000003 5.5766991500000005 14.833943500000002 172.70846500000002 148.27819000000002 158.58707500000003 63.021198000000005 36.38854700000001 40.062615000000008 79.20207000000002 97.383440000000022 93.855442000000025 33.112330000000007 59.443503500000013 0.7470287000000001 0.82335126500000011 0.75660813000000016 22.456983000000005 38.752006500000007 0.7435880800000001 0.71581565000000003 25.230992500000003 0.85499300000000011 0.81282725000000011 111.11257200000001 0.85571766000000016 24.594497500000006 0.73832545000000016 0.73357545000000013 0.72670185000000009 0.76706780000000008
decision_type=2 2 2 2 2 2 2 2 2 2 2 2 2 2 2 2 2 2 2 2 2 2 2 2 2 2 2 2 2 2 2 2 2 2 2 2 2 2 2 2 2 2 2 2 2 2 2 2 2 2 2 2 2 2 2 2 2 2 2 2 2 2
left_child=4 9 3 -3 10 45 -7 14 -9 13 17 53 22 34 16 -16 -4 28 21 20 -20 -19 -11 -10 48 26 31 -28 46 -30 47 -14 50 -34 35 40 -37 38 -31 49 43 42 -42 52 61 56 54 -21 -17 -40 51 -23 -2 -12 -1 -43 -6 -35 59 60 -53 -41
right_child=1 2 7 -5 5 6 -8 8 23 12 11 -13 25 -15 15 24 -18 18 19 30 -22 32 -24 -25 -26 -27 27 -29 29 37 -32 -33 33 57 -36 36 -38 -39 39 44 41 55 -44 -45 -46 -47 -48 -49 -50 -51 -52 58 -54 -55 -56 -57 -58 -59 -60 -61 -62 -63
leaf_value=-0.083156736052872826 -0.07742236075134537 0.054667910798850167 0.042802066972454277 -0.073766486790929481 -0.083992745876745323 0.085161434663904967 -0.039883963531564343 -0.024967408901268185 0.083419878972332162 -0.025525527934940576 -0.026889719644439088 -0.084297604243691149 -0.072158683591915282 -0.031802422088884272 0.0038002808032415363 0.084812593476236278 0.085176529823090125 -0.03792730837397762 -0.045358205119058241 -0.060688123484665304 0.034921808258178054 -0.084624863662208297 0.027827892046623476 0.056189902717143726 0.059238954046069152 -0.075541499886619512 0.011029261406494682 -0.053931799236133053 -0.023431124666053103 -0.081085973111744314 -0.082930726229649018 -0.035720328054842584 -0.022218093914384771 -0.084941851650634587 -0.081503786231980527 -0.021506932015089405 -0.058248580707373501 -0.084921023686169522 -0.05572611480101624 -0.081189108111420341 -0.068615615826798648 -0.072541057529240199 0.0051948456766345887 -0.085132347738550829 -0.060248767436454832 -0.059209972108603487 -0.067102853759672385 -0.031958819850098782 0.070886658676789685 -0.0313002896680184 -0.085130908970097549 -0.066793944729983679 -0.053852100371318573 -0.010811550165873447 -0.071778678038609239 -0.083303748512700532 -0.073628269822675715 -0.072422313544042341 -0.079240827262757552 -0.054276129699583224 -0.081202085990538977 -0.071172355938571144
leaf_weight=76.806454812642187 1.6024768808856671 1.9848986668512214 1.8965860651805986 2.5534151699393988 3.043478621169923 1.9359086742624638 2.349954878911376 2.7659881978761396 6.4659862371627224 1.1714439634233706 1.7248909324407571 2.1201049797236919 2.6408220380544645 2.0663354676216832 2.5072937440127161 16.830252142623074 171.8351184577914 1.4017316810786713 1.8872733572497957 1.2326194057241084 1.1901458501815794 6.4959819810464996 1.1099096012767402 3.1518539716489613 3.258488902822136 1.9644601866602895 1.3446955811232331 1.5004523433744905 1.682143642567097 11.063426328822972 2.0047104172408581 1.6888270517811177 1.4552334090694774 3.0026596039533615 13.582930831238626 1.6257561128586524 2.0161056667566299 9.9150705412030202 1.4319734014570742 10.626706718467174 1.4859798420220607 2.0507015511393529 1.1700164228677747 9.9969984516501409 2.0289673171937457 1.847479175776243 2.0569161623716345 1.1378551125526426 2.8893937044776967 1.7778438441455362 14.980749515816568 2.2754592839628458 1.2037008265033362 1.8804205805063245 1.6909789126366366 6.8810081984847784 2.8884256798774004 1.2824328653514383 1.590028269216418 1.3311229385435579 1.9174431152641771 1.2549513485282648
leaf_count=1027 22 34 36 39 36 26 32 30 34 21 27 14 31 28 22 106 1109 31 39 22 16 93 20 25 32 24 23 21 28 154 25 25 23 56 224 21 23 129 31 161 34 28 11 115 27 27 26 22 27 17 172 37 28 22 27 86 33 16 22 20 27 24
internal_value=3.64665e-10 0.0496697 0.0792076 -0.0175938 -0.0743058 -0.0419842 0.0165986 0.0812838 0.0522807 -0.0661925 -0.07661 -0.0428671 -0.0406623 -0.0728673 0.0830867 0.0719939 0.0847139 -0.0777914 -0.0714561 -0.0431344 -0.0143111 -0.0773631 0.000431638 0.0744964 0.0794349 -0.0509202 -0.0441789 -0.0232294 -0.080065 -0.0751181 -0.0634081 -0.0579455 -0.0789732 -0.0662438 -0.0749063 -0.0717095 -0.0418468 -0.0774002 -0.0747544 -0.0706628 -0.0761684 -0.0705797 -0.0361007 -0.0812265 -0.0772311 -0.074259 -0.082508 -0.0468977 0.0827721 -0.0421972 -0.081529 -0.0775643 -0.067312 -0.0185038 -0.0829116 -0.0808327 -0.078946 -0.081195 -0.0711171 -0.0687787 -0.0733829 -0.0801311
internal_weight=452.553 271.242 216.139 4.53831 181.312 12.0652 4.28586 211.601 12.3838 55.1026 169.246 5.72542 11.4206 43.682 199.217 25.4854 173.732 163.521 43.1854 7.4526 3.07742 35.7328 2.28135 9.61784 22.9781 9.13926 7.1748 2.84515 120.335 39.7811 4.37518 4.32965 34.3311 5.74033 41.6157 28.0327 3.64186 38.0989 28.1839 17.1204 24.3909 11.5877 2.656 12.8032 13.9106 7.77938 80.5543 2.37047 19.7196 3.20982 28.5908 13.61 2.80618 3.60531 78.4974 8.93171 5.9319 4.28509 7.11405 5.52403 4.1929 11.8817
internal_count=4768 2279 1494 73 2489 154 58 1421 89 785 2335 63 165 620 1332 187 1145 2272 621 124 55 497 41 59 165 124 100 44 1651 571 69 56 466 95 592 368 44 543 414 260 324 159 45 165 212 96 1080 44 133 48 371 199 50 49 1054 114 69 72 106 84 64 185
is_linear=0
shrinkage=0.05


Tree=3
num_leaves=63
num_cat=0
split_feature=1 4 2 4 1 3 3 0 0 4 4 1 0 4 1 3 3 0 3 0 5 3 5 0 1 5 4 3 2 2 3 4 4 0 0 3 4 4 1 1 2 2 3 5 3 2 2 2 2 5 5 1 1 1 0 0 3 0 5 0 0 5
split_gain=516.358 271.804 27.6788 11.3085 3.47095 3.00851 2.62817 2.23645 1.86428 7.22531 1.48436 2.66903 1.42438 1.41502 1.3154 1.46435 1.20608 1.15771 1.06379 0.868369 0.855856 3.07894 3.20928 0.621456 0.585256 0.571635 0.515581 0.489176 0.435624 1.2805 0.432204 0.406121 0.835778 0.390797 1.09662 0.435106 0.325455 0.323249 0.318551 0.711197 0.317098 1.11871 0.298135 0.371677 0.284259 0.220238 0.207629 1.4661 0.166739 0.15896 0.225438 0.137665 0.127443 0.0904184 0.077595 0.0685945 0.174701 0.0649749 0.0606385 0.0534234 0.358708 0.0475452
threshold=1.0000000180025095e-35 1.0000000180025095e-35 1.0000000180025095e-35 13.453025500000001 0.9590171500000001 1.0000000180025095e-35 0.83685827000000013 1.6128011500000003 77.925870000000018 7.3805960000000015 29.058686000000005 0.8697851900000001 156.77439000000004 22.917246000000002 0.80749835000000014 0.79163122000000008 0.86926900000000018 155.55298000000002 0.68455373500000005 97.383440000000022 0.62486136500000011 0.70522095000000007 0.75414108000000002 94.420422500000015 0.77991281500000009 0.68695415000000015 17.322668000000004 0.7470779500000001 65.458635000000015 68.244450000000015 0.82966397500000011 11.555433000000003 17.637294000000001 139.59333000000001 172.70846500000002 0.75368858500000013 22.456983000000005 1.3094738500000003 0.77685653500000018 0.78119886000000005 7.0333982500000003 21.074749000000001 0.77402973000000019 0.66429305000000005 0.82335126500000011 63.021198000000005 38.752006500000007 40.062615000000008 59.443503500000013 0.7435880800000001 0.71581565000000003 0.85213243000000016 0.85105300000000017 0.85571766000000016 156.77439000000004 2.9810194500000002 0.7584637500000001 111.11257200000001 0.73832545000000016 255.50420000000003 229.06480500000004 0.73265290000000005
decision_type=2 2 2 2 2 2 2 2 2 2 2 2 2 2 2 2 2 2 2 2 2 2 2 2 2 2 2 2 2 2 2 2 2 2 2 2 2 2 2 2 2 2 2 2 2 2 2 2 2 2 2 2 2 2 2 2 2 2 2 2 2 2
left_child=6 7 3 18 5 -4 8 38 20 19 28 -12 14 -6 23 -16 -8 -11 -3 -10 40 25 37 24 -9 -22 -5 51 55 -30 -29 49 -33 57 54 59 -31 -23 -2 -40 44 -42 53 -44 -1 46 -43 -48 -49 50 -27 -14 -28 -41 -35 56 -7 -21 61 60 -36 -52
right_child=1 2 4 26 13 10 16 12 9 17 11 -13 27 -15 15 -17 -18 -19 -20 33 21 22 -24 -25 -26 31 52 30 29 36 -32 32 -34 34 35 -37 -38 -39 39 42 41 45 43 -45 -46 -47 47 48 -50 -51 58 -53 -54 -55 -56 -57 -58 -59 -60 -61 -62 -63
leaf_value=-0.077860245082456245 -0.080468365789020169 0.024710989088440757 0.023821840002127007 -0.036404817245656029 0.061031697773569843 0.081296014448666895 -0.015930278914429497 -0.057258699533216877 -0.035600676038076005 0.06390977382292902 0.022573515655883017 0.077359174976756262 -0.078215360679820795 -0.0029896474315550155 0.051743754295010908 -0.034518708417262775 -0.069416140546492602 -0.012328955130774172 0.081857254128645446 -0.071123017554643966 -0.041522828191226928 -0.0062232455189751602 -0.074351384500987286 -0.079548847996472369 -0.0045654285792466531 -0.0799733408080084 -0.065170824371711511 -0.032107224923735238 0.038476978321513644 0.079380778455411138 -0.063705318170669892 -0.018368805031941497 -0.073379742909024395 -0.032001383499935858 -0.080545506862290936 -0.044462302767299129 0.06025537761323483 0.029949175437047962 -0.031613089187671105 -0.077456518786328199 -0.02718431127090248 -0.075763251049546371 -0.075365005599815627 -0.040964245818998407 -0.056902603525032347 -0.079912090695630433 -0.020755393682360439 -0.075081561746715555 -0.058394214744844797 -0.080205284432304388 -0.066346940955657394 -0.05966276066932874 -0.083867049690155293 -0.066897468002888413 -0.047204525499335535 0.080088547753222494 0.054503219885805934 -0.081768106635156365 -0.075302706459232524 -0.078502615704659759 -0.042376661179787382 -0.05575818306156427
leaf_weight=61.97782437549904 11.307067982852461 1.5040734801441416 2.6114415153861037 1.3149319570511577 1.6063484717160457 1.7591792769962915 3.2873251475393763 1.1468986831605432 2.1318646613508525 1.1899851802736514 3.3265287759713811 6.702039935044013 3.3716378351673466 1.8653092053718863 0.86780963186174664 1.1359751122072337 1.5514201819896696 0.85626149922609318 1.7759337583556769 2.0080747846514013 1.4490179196000159 1.3278020033612841 2.0132172163575888 1.0863960981369016 0.97487772163003672 4.7205973034724646 2.2477072831243281 1.955313487909734 2.4745943602174547 16.149915913818408 2.423546563833952 0.96754272561520283 2.4108989238739014 1.7333007808774703 2.3478024080395685 1.2547230105847109 2.5796960699371985 1.1547473073005674 1.1442947806790496 11.190936051309111 1.375706810504197 11.128622559830548 1.5979925952851766 1.5436719339340923 1.6613379400223482 8.9293181765824539 1.5469257775694121 9.9015428153797966 1.7635530773550261 11.845787647180257 3.182655418291688 1.4214290678501127 1.533236753195524 2.4760092236101618 1.6271721385419367 145.57596039480995 0.93008439056575287 5.0094926506280899 1.222011901438236 6.2243033731356263 0.83428332954645146 1.5896142357960341
leaf_count=920 194 27 30 20 19 30 45 18 39 19 30 38 49 21 20 22 15 24 30 27 35 34 25 20 23 70 38 35 19 119 30 27 41 30 61 16 26 20 17 162 28 183 27 34 23 125 16 173 27 153 56 22 17 34 24 1083 25 63 21 106 17 26
internal_value=1.07629e-10 0.0467778 0.0721456 -0.0167627 0.0761583 0.0771025 -0.0693679 -0.0659588 -0.0704979 -0.0580549 0.0778776 0.0591865 -0.0498157 0.0266333 -0.0289432 0.00284029 -0.0330792 0.0320073 0.0556524 -0.0660084 -0.0729085 -0.0657902 -0.0274403 -0.0487948 -0.0330481 -0.0720853 -0.0633734 -0.0616765 0.0789837 0.0722804 -0.0495957 -0.0737926 -0.0576253 -0.0690896 -0.0642687 -0.0721192 0.0767466 0.0106022 -0.0738946 -0.0697543 -0.0752176 -0.0713685 -0.0723509 -0.058462 -0.0773131 -0.0731955 -0.0707316 -0.0664934 -0.0725587 -0.0762137 -0.0718007 -0.0727134 -0.0727525 -0.0755436 -0.0393629 0.0799424 0.0720297 -0.078722 -0.0653647 -0.0758084 -0.0705383 -0.0628199
internal_weight=397.826 237.601 193.957 8.37588 185.581 182.109 160.225 43.6439 155.386 25.2173 179.498 10.0286 14.3839 3.47166 5.21196 2.00378 4.83875 2.04625 3.28001 23.171 130.169 31.8839 4.49577 3.20817 2.12178 27.3881 5.09588 9.17193 169.469 21.2042 4.37886 25.9391 3.37844 21.0392 14.0216 10.6611 18.7296 2.48255 29.26 17.9529 98.2848 34.6457 16.8086 3.14166 63.6392 33.27 24.3406 13.212 11.6651 22.5607 10.7149 4.79307 3.78094 13.6669 3.36047 148.265 2.68926 7.01757 5.99428 9.40639 3.18209 4.77227
internal_count=4768 2279 1572 132 1440 1400 2489 707 2429 426 1370 68 239 40 103 42 60 43 57 383 2003 508 79 61 41 429 75 136 1302 164 65 394 68 344 254 200 145 54 468 274 1495 552 257 61 943 524 399 216 200 326 173 71 55 196 54 1138 55 90 103 184 78 82
is_linear=0
shrinkage=0.05


Tree=4
num_leaves=63
num_cat=0
split_feature=1 4 2 4 1 3 3 0 3 2 4 1 0 1 3 5 3 5 5 0 3 0 4 4 1 0 0 5 3 3 1 1 3 4 4 4 4 3 2 3 0 0 0 5 5 2 2 3 1 0 0 0 1 0 5 5 5 5 2 2 0 3
split_gain=418.964 220.834 19.7287 9.72267 3.41648 2.84142 1.93282 1.86533 1.75399 1.38642 2.00216 7.85518 1.02528 1.08862 1.01917 0.89136 3.25583 1.91669 0.898623 0.838511 0.79956 0.668603 0.610615 1.97616 0.570813 0.563054 0.535333 0.712381 0.509852 0.519513 0.312173 0.556917 0.28086 0.274447 0.250575 1.9707 1.81695 0.241855 0.244053 0.279372 0.175638 0.664457 0.18038 0.166054 0.240911 0.107449 2.29455 0.137668 0.102877 0.0941994 0.206115 0.142174 0.0884977 0.0684959 0.0602522 0.0698194 0.117855 0.0553987 0.0511154 0.0844948 0.0380911 0.0513108
threshold=1.0000000180025095e-35 1.0000000180025095e-35 1.0000000180025095e-35 13.453025500000001 0.9590171500000001 1.0000000180025095e-35 0.87949133000000013 1.6128011500000003 0.83685827000000013 59.705773000000008 24.459331500000001 0.88294638500000011 156.77439000000004 0.81461550000000005 0.86926900000000018 0.62486136500000011 0.70522095000000007 0.76030374000000012 0.68386985000000011 119.76217750000002 0.68455373500000005 79.20207000000002 11.555433000000003 16.390056000000005 0.84280290000000013 97.383440000000022 89.336560000000006 0.72816170000000013 0.7470779500000001 0.82966397500000011 0.77685653500000018 0.78184832000000015 0.75753926500000013 1.3094738500000003 11.940491000000003 1.8018091000000003 9.7008110000000016 0.77402973000000019 37.655602500000008 0.81378700000000015 139.59333000000001 172.70846500000002 111.11257200000001 0.7435880800000001 0.71581565000000003 38.752006500000007 40.062615000000008 0.82335126500000011 0.85571766000000016 354.92351000000008 229.06480500000004 260.54793500000005 0.85213243000000016 161.22682000000003 0.73832545000000016 0.73265290000000005 0.72670185000000009 0.78369903500000004 67.712905000000021 62.741241500000008 2.5879424500000003 0.73803235000000011
decision_type=2 2 2 2 2 2 2 2 2 2 2 2 2 2 2 2 2 2 2 2 2 2 2 2 2 2 2 2 2 2 2 2 2 2 2 2 2 2 2 2 2 2 2 2 2 2 2 2 2 2 2 2 2 2 2 2 2 2 2 2 2 2
left_child=8 7 3 20 5 -4 -6 30 15 60 19 -12 13 26 -10 21 18 33 -17 -11 -3 34 43 -24 -5 -23 27 -9 52 -30 -2 -32 40 -18 35 45 -37 48 39 -39 42 53 -27 44 -20 47 -47 -1 -33 50 -43 -52 -14 -42 55 56 -46 -25 59 -48 61 -7
right_child=1 2 4 24 6 9 -8 12 14 10 11 -13 28 -15 -16 16 17 -19 22 -21 -22 25 23 57 -26 32 -28 -29 29 -31 31 37 -34 -35 -36 36 -38 38 -40 -41 41 49 -44 -45 54 46 58 -49 -50 -51 51 -53 -54 -55 -56 -57 -58 -59 -60 -61 -62 -63
leaf_value=-0.073531927859199056 -0.076400610230223209 0.026629180030569147 0.014266073719563708 -0.073533124025507157 0.057000078003472482 0.076282740008884506 -0.032075188661407628 -0.0022162101100772951 -0.018545188523765712 0.050400158638011373 -0.031904253731723016 0.076097009003187485 -0.074095647991662836 0.0067180103400425913 -0.069077340979149013 -0.025568939323153184 -0.0098384549832807536 -0.06135186770433948 -0.075874956501239516 0.075936837051254757 0.077008128343095561 -0.03486356620167555 0.019185856975233548 -0.061993999858068916 -0.037179656497353296 -0.058074125928143178 -0.071291943156540291 -0.063992887083709912 -0.02518898190389773 -0.061367325605630234 -0.03249183536848034 -0.073240934569684904 -0.041666513089604396 0.021321554148729861 -0.075001523076089649 0.024608769615751092 -0.056852226214922454 -0.022925944058312858 -0.072562595740104846 -0.063414120999290502 -0.048670758189292146 -0.076411046457473902 -0.07774559033212558 -0.076207328515275286 -0.055004313749726967 0.00051131009663866393 -0.072716044144708489 -0.057501843775107156 -0.06142236812167956 -0.074944767255848768 -0.041721066433426796 -0.064691148432550666 -0.05818637740704357 -0.033634958950022685 -0.070995841611827412 -0.049296167001241231 -0.0754318563884427 -0.076539506177494429 -0.076537602957201592 -0.060882519226756526 0.076044994292837759 0.064659473034509529
leaf_weight=36.69605833478272 10.602654706686737 1.3560811411589377 2.0379254231229416 2.5539893973618746 1.2413141494616859 2.0824750782921906 1.1955457050353286 1.0988368671387427 2.9978681765496722 3.8745952849276426 2.451491465792059 5.3748760866001248 2.9405022417195124 1.5340518327429888 1.4956350252032278 1.2749996203929246 1.5277848159894341 1.8010468687862156 4.5591359063983017 18.870040052221157 1.8786472044885156 1.8553021065890813 0.80988422594964449 1.1806773748248818 1.8707133680582044 1.5966230714693725 1.1796112395823 0.81114816991612304 1.8711303211748602 2.1126823090016842 1.1932599991560007 9.9342051763087493 1.3403911367058743 1.3147726226598022 28.272513531148434 1.0071087544783943 2.1369996913708746 0.86522785015404158 1.1640960089862344 0.8393887784332037 1.6605637408792966 2.0590592566877586 4.3142467699944973 10.677547053433953 1.9705135319381955 1.1368807032704378 9.4756258213892597 1.3901154492050398 2.2602641079574814 3.7285058135166764 1.1150877997279169 1.7016716012731192 1.2438908964395521 1.3927162028849123 1.0972414929419754 1.5462506851181386 1.1003755796700714 1.4691644497215746 6.0241534840315571 1.7941020466387261 128.08865454531042 1.7452191002666948
leaf_count=632 194 27 30 51 18 15 22 34 45 38 32 26 49 34 15 31 39 26 81 153 30 38 23 37 24 30 24 11 35 30 20 159 21 24 465 22 41 22 21 18 34 59 59 155 39 13 178 22 34 68 22 42 22 18 21 27 19 20 93 30 1075 31
internal_value=1.76709e-10 0.0442809 0.0684688 -0.0099972 0.0720684 0.0729389 0.0132989 -0.0622418 -0.0661102 0.0736747 0.0640807 0.0422672 -0.0465274 -0.0277127 -0.0353645 -0.0671039 -0.0595247 -0.0209957 -0.0664901 0.0715866 0.055888 -0.0692187 -0.0686275 -0.0491674 -0.0581633 -0.0611489 -0.0448084 -0.028452 -0.0571775 -0.044375 -0.069726 -0.0653727 -0.0637279 0.00457403 -0.0711243 -0.0692869 -0.030759 -0.0679774 -0.0549149 -0.0428632 -0.0654111 -0.0618513 -0.072432 -0.071841 -0.067303 -0.0714302 -0.0682963 -0.0729468 -0.0710503 -0.0689621 -0.0643873 -0.0555978 -0.0693663 -0.0418124 -0.0604639 -0.0579611 -0.062324 -0.0700585 -0.0728196 -0.0708322 0.0758981 0.0709832
internal_weight=357.793 214.273 174.622 7.65943 166.962 164.525 2.43686 39.651 143.521 162.487 30.571 7.82637 12.7919 4.62365 4.4935 139.027 30.3294 4.6436 25.6858 22.7446 3.23473 108.698 24.4108 3.45973 4.4247 20.7642 3.0896 1.90999 8.16821 3.98381 26.8591 16.2564 18.9089 2.84256 87.9336 59.661 3.14411 15.0632 2.86871 1.70462 17.5685 11.6576 5.91087 20.9511 10.2735 56.5169 18.4308 38.0862 12.1945 8.60432 4.87582 2.81676 4.18439 3.05328 5.71438 4.61714 3.07089 2.64984 17.2939 11.2697 131.916 3.82769
internal_count=4768 2279 1572 132 1440 1400 40 707 2489 1370 249 58 239 103 60 2429 542 89 453 191 57 1887 422 80 75 391 69 45 136 65 468 274 353 63 1496 1031 63 254 61 40 332 243 89 342 187 968 314 654 193 191 123 64 71 52 106 85 58 57 301 208 1121 46
is_linear=0
shrinkage=0.05


end of trees

feature_importances:
Column_0=68
Column_4=53
Column_2=52
Column_1=47
Column_3=46
Column_5=44

parameters:
[boosting: gbdt]
[objective: lambdarank]
[metric: ndcg]
[tree_learner: serial]
[device_type: cpu]
[data_sample_strategy: bagging]
[data: ]
[valid: ]
[num_iterations: 500]
[learning_rate: 0.05]
[num_leaves: 63]
[num_threads: 0]
[seed: 0]
[deterministic: 0]
[force_col_wise: 0]
[force_row_wise: 0]
[histogram_pool_size: -1]
[max_depth: -1]
[min_data_in_leaf: 20]
[min_sum_hessian_in_leaf: 0.001]
[bagging_fraction: 1]
[pos_bagging_fraction: 1]
[neg_bagging_fraction: 1]
[bagging_freq: 0]
[bagging_seed: 3]
[bagging_by_query: 0]
[feature_fraction: 1]
[feature_fraction_bynode: 1]
[feature_fraction_seed: 2]
[extra_trees: 0]
[extra_seed: 6]
[early_stopping_round: 0]
[early_stopping_min_delta: 0]
[first_metric_only: 0]
[max_delta_step: 0]
[lambda_l1: 0]
[lambda_l2: 0]
[linear_lambda: 0]
[min_gain_to_split: 0]
[drop_rate: 0.1]
[max_drop: 50]
[skip_drop: 0.5]
[xgboost_dart_mode: 0]
[uniform_drop: 0]
[drop_seed: 4]
[top_rate: 0.2]
[other_rate: 0.1]
[min_data_per_group: 100]
[max_cat_threshold: 32]
[cat_l2: 10]
[cat_smooth: 10]
[max_cat_to_onehot: 4]
[top_k: 20]
[monotone_constraints: ]
[monotone_constraints_method: basic]
[monotone_penalty: 0]
[feature_contri: ]
[forcedsplits_filename: ]
[refit_decay_rate: 0.9]
[cegb_tradeoff: 1]
[cegb_penalty_split: 0]
[cegb_penalty_feature_lazy: ]
[cegb_penalty_feature_coupled: ]
[path_smooth: 0]
[interaction_constraints: ]
[verbosity: -1]
[saved_feature_importance_type: 0]
[use_quantized_grad: 0]
[num_grad_quant_bins: 4]
[quant_train_renew_leaf: 0]
[stochastic_rounding: 1]
[linear_tree: 0]
[max_bin: 255]
[max_bin_by_feature: ]
[min_data_in_bin: 3]
[bin_construct_sample_cnt: 200000]
[data_random_seed: 1]
[is_enable_sparse: 1]
[enable_bundle: 1]
[use_missing: 1]
[zero_as_missing: 0]
[feature_pre_filter: 1]
[pre_partition: 0]
[two_round: 0]
[header: 0]
[label_column: ]
[weight_column: ]
[group_column: ]
[ignore_column: ]
[categorical_feature: ]
[forcedbins_filename: ]
[precise_float_parser: 0]
[parser_config_file: ]
[objective_seed: 5]
[num_class: 1]
[is_unbalance: 0]
[scale_pos_weight: 1]
[sigmoid: 1]
[boost_from_average: 1]
[reg_sqrt: 0]
[alpha: 0.9]
[fair_c: 1]
[poisson_max_delta_step: 0.7]
[tweedie_variance_power: 1.5]
[lambdarank_truncation_level: 30]
[lambdarank_norm: 1]
[label_gain: ]
[lambdarank_position_bias_regularization: 0]
[eval_at: 1,3,5,10]
[multi_error_top_k: 1]
[auc_mu_weights: ]
[num_machines: 1]
[local_listen_port: 12400]
[time_out: 120]
[machine_list_filename: ]
[machines: ]
[gpu_platform_id: -1]
[gpu_device_id: -1]
[gpu_use_dp: 0]
[num_gpu: 1]

end of parameters

pandas_categorical:null
