tree
version=v4
num_class=1
num_tree_per_iteration=1
label_index=0
max_feature_idx=5
objective=lambdarank
feature_names=Column_0 Column_1 Column_2 Column_3 Column_4 Column_5
feature_infos=[0:4011.8434999999999] [0:0.99980899999999995] [0:189.20660000000001] [0:0.95054435999999998] [0:50.853929999999998] [0:0.91244769999999997]
tree_sizes=6813 6757

Tree=0
num_leaves=63
num_cat=0
split_feature=3 0 2 4 4 4 1 4 4 2 1 5 5 5 1 1 1 3 4 4 0 5 4 3 1 4 1 1 3 2 1 2 2 2 2 3 2 3 3 2 2 4 5 2 0 5 0 3 0 0 0 0 0 0 0 0 0 0 4 2 2 3
split_gain=478.006 206.645 29.1266 9.42224 11.8083 5.27896 3.75391 5.68503 5.8476 3.39363 2.49905 2.20384 2.05796 1.82886 1.37716 1.43586 1.23545 1.37867 1.04464 16.2307 2.76911 0.858306 0.734336 0.716366 0.755107 0.656444 0.635404 0.558043 0.818349 0.392144 0.288134 0.254807 0.23795 0.486129 0.350112 0.21596 0.187408 0.548945 0.203002 0.176293 0.165133 0.145755 0.124305 0.117483 0.111666 0.119227 0.113507 0.089931 0.0854371 0.384331 0.0907121 0.255304 0.0781172 0.151533 0.105927 0.101438 0.0964265 0.12213 0.0635879 0.0613649 0.0772144 0.0591051
threshold=1.0000000180025095e-35 1.0000000180025095e-35 1.0000000180025095e-35 1.2407356500000002 15.722188500000001 1.0000000180025095e-35 0.78197528000000005 6.720329500000001 14.307909750000002 43.065160000000006 0.95803453000000005 0.76738226500000006 0.64243960000000011 0.74737024500000004 0.78477108000000018 0.85458195000000015 0.76589847000000011 0.78375649500000011 1.7770249000000002 9.3351710000000008 32.891157500000013 0.73998260000000016 11.082653500000001 0.77495765500000013 0.82573700000000005 13.110256000000001 0.84162213000000008 0.84993232500000004 0.78531550000000017 49.716319000000006 0.88582123000000013 21.325483500000001 38.332967500000002 43.75182550000001 42.730637500000007 0.8111498250000001 10.840133500000002 0.79165138000000013 0.82351315000000014 33.221405000000011 63.049183000000006 11.506707500000003 0.74981010000000003 56.748005000000006 40.707674000000004 0.72954725000000009 216.42839500000002 0.74929642500000015 22.927566500000001 30.793214000000003 77.112182000000004 82.71412500000001 255.75965000000002 160.65826000000001 187.48587500000005 215.09196500000004 109.08198300000002 94.091625000000008 30.090843500000002 47.197389500000007 51.270010000000006 0.8444792000000001
decision_type=2 2 2 2 2 2 2 2 2 2 2 2 2 2 2 2 2 2 2 2 2 2 2 2 2 2 2 2 2 2 2 2 2 2 2 2 2 2 2 2 2 2 2 2 2 2 2 2 2 2 2 2 2 2 2 2 2 2 2 2 2 2
left_child=6 3 11 12 22 9 18 14 -9 31 58 13 16 27 -8 39 36 -18 32 -20 25 -11 -5 47 35 41 -10 28 -3 -6 -17 -4 48 34 -34 -25 38 -38 -2 44 43 -21 -27 59 -16 46 -46 -14 -1 -50 -51 -52 53 56 -55 -56 57 -53 -7 -35 -61 -60
right_child=1 2 5 4 29 10 7 8 26 21 -12 -13 23 -15 15 30 17 -19 19 20 -22 -23 -24 24 -26 42 -28 -29 -30 -31 -32 -33 33 40 -36 -37 37 -39 -40 -41 -42 -43 -44 -45 45 -47 -48 -49 49 50 51 52 -54 54 55 -57 -58 -59 61 60 -62 -63
leaf_value=-0.096047473366270494 -0.098595611665096811 -0.021297783876623556 0.099999999999999964 0.099999999999999978 -0.097983358177697044 0.099878978242648214 -0.0013945512876428032 0.075248682498285632 -0.086634110524279384 -0.042843912993494188 0.042557029112290132 -0.090074714734056885 -0.058995668452057531 0.063326291206233634 -0.098511450327717812 -0.032422604574106527 -0.0086883790089851316 -0.086049085473862613 0.087443000661942771 -0.082920236774149059 4.3062300102824964e-05 0.025096169324117186 0.042342923159000498 0.013544435461424238 -0.073686004442284861 -0.097711627101889631 -0.026801444719596362 0.0035387952122833627 -0.099999999999999825 -0.053193569175194848 -0.070027095384044197 0.066568987608541949 -0.078533988874009933 -0.079630268312886943 -0.034426871649710124 -0.026746068920027351 -0.041922574928038234 -0.095213361786346762 -0.080024386071327849 -0.067630069165208348 -0.098029144764879755 -0.059640600741609186 -0.083754662343631686 -0.073341574480163638 -0.064212061386999267 -0.099999999999999908 -0.091943925587412642 -0.084487675465817244 -0.055004034251139838 -0.098973864346330875 -0.060376456974502307 -0.10000000000000014 -0.098403461094331152 -0.0664489750778193 -0.099999999999999908 -0.076850035911319683 -0.099478344249674916 -0.073062193468344944 0.10000000000000001 -0.099999999999999922 -0.084595527939422932 0.088695893958021854
leaf_weight=27.186539746588096 10.962629266781741 0.78985874750651353 1.0347865642979734 1.3968822441529476 1.5335721280425789 93.826999737008009 0.55349099636077781 1.380288285436108 1.0466929851099847 0.93919836496934272 1.9584994069300581 1.4566261004656551 0.6476425915025168 0.60018702317029227 5.0437256522709486 1.3727567014284425 0.96182412758935187 1.4353906232863662 1.3625974009046355 1.2361600738950138 0.82266902923583884 0.92046393640339375 0.91330809891223896 0.72527675377204992 0.56895965989679087 18.163528077886443 0.77026133146136988 0.60469564655795682 0.5676881717517972 0.71723413839936245 0.8099457905627786 1.2688866448588667 1.3905138117261224 1.1681532575748841 0.66512049175798882 0.61427632952108979 0.65785974543541614 1.8205814763205124 1.699631611816584 0.67570814071223129 4.5449653321411461 1.4742529904469845 1.7489282072056074 1.5130910162115467 0.81676218425855063 0.87424144521355618 0.67303031915798783 0.74275319697335362 0.6897524709347661 4.7199761690571931 0.65192490629851718 0.75564091000705758 3.8197217013221225 0.91807254590094123 0.84928844450041641 1.0685710394755004 3.53279079584172 0.94944652949925512 2.1402038428932419 1.7840671825688335 1.4952690158970652 2.515477288281545
leaf_count=672 313 36 14 43 54 1275 10 30 27 26 26 22 20 14 126 34 22 29 33 33 36 21 26 22 21 453 29 15 21 15 18 28 51 32 13 22 20 46 36 19 134 51 39 43 28 19 29 23 18 121 14 19 107 28 23 34 88 28 17 35 43 24
internal_value=-1.6941e-10 0.0611004 0.0911219 -0.0672979 -0.00220488 0.0961969 -0.0848331 -0.0609101 -0.00233281 0.0410268 0.0984838 -0.040967 -0.0815462 -0.0130515 -0.0782199 -0.0823618 -0.0883613 -0.05501 -0.0888971 -0.0803169 -0.0900667 -0.00921609 0.0772059 -0.0453156 -0.0254284 -0.0933435 -0.0612693 -0.036413 -0.0542089 -0.0837108 -0.0463767 0.0815859 -0.092586 -0.0864992 -0.0642627 -0.00493151 -0.0936418 -0.0810682 -0.0961028 -0.0920786 -0.0908503 -0.0702579 -0.0964858 -0.0853764 -0.0943087 -0.0853419 -0.0767402 -0.0726136 -0.0942797 -0.0916031 -0.0930652 -0.0908422 -0.0925122 -0.089725 -0.0804157 -0.0871016 -0.0947653 -0.0850002 0.099596 -0.0894707 -0.0929761 0.0938924
internal_weight=230.549 134.021 108.624 25.3978 4.561 104.605 96.5279 14.0169 3.19724 4.16334 100.441 4.01906 20.8368 2.56243 10.8197 10.2662 17.5379 2.39721 82.511 24.8081 23.4455 1.85966 2.31019 3.29891 1.90851 22.6229 1.81695 1.96224 1.35755 2.25081 2.1827 2.30367 57.7029 12.5612 2.05563 1.33955 15.1407 2.47844 12.6623 8.08347 10.5055 2.71041 19.9125 5.96058 7.40776 2.36403 1.48979 1.3904 45.1417 17.9552 17.2654 12.5455 11.8935 8.07381 2.83593 1.91786 5.23788 1.70509 98.4827 4.44749 3.27934 4.65568
internal_count=4768 2251 1539 712 138 1431 2517 369 86 89 1342 108 574 86 283 273 466 51 2148 645 612 47 69 108 65 576 56 72 57 69 52 42 1503 351 64 44 415 66 349 221 287 84 492 153 202 76 57 43 1152 480 462 341 327 220 85 57 135 47 1316 110 78 41
is_linear=0
shrinkage=0.05


Tree=1
num_leaves=63
num_cat=0
split_feature=5 2 1 0 4 4 4 2 2 4 1 2 2 4 4 2 1 4 2 4 3 4 1 5 1 1 0 2 2 0 4 1 1 1 0 0 0 3 0 0 0 4 1 3 2 4 4 3 3 0 0 0 0 4 4 2 2 2 2 3 1 5
split_gain=935.021 438.845 54.3596 44.6869 15.3888 29.1645 13.7783 12.3316 11.2361 6.49424 6.19524 11.8749 8.93077 4.87686 13.0919 4.10806 5.32744 16.0834 3.24223 2.71539 2.60055 2.56067 2.51798 2.46738 2.10694 2.10473 1.97463 1.64029 15.6351 4.35161 2.18291 1.20505 0.866934 0.729943 0.440976 0.391102 0.927591 0.287448 0.306129 0.526263 0.474076 0.257919 0.253079 0.233222 0.968144 0.223899 2.95415 0.19025 0.187461 0.187015 0.387186 0.350022 0.172583 0.161745 2.29168 0.151756 0.323975 0.206724 0.64975 0.148021 0.123233 0.072901
threshold=1.0000000180025095e-35 1.0000000180025095e-35 0.97754837000000017 1.0000000180025095e-35 1.2407356500000002 10.570522500000001 1.0000000180025095e-35 21.893895500000003 27.800928000000003 13.955641000000002 0.74073980000000017 10.399531000000001 66.002255000000005 15.274423000000001 4.7615423000000012 58.931846000000007 0.86071670000000011 24.819088500000003 66.002255000000005 2.1105651500000007 0.78289485000000003 5.0445615000000013 0.77887654000000006 0.6742532200000001 0.80369639500000012 0.84993232500000004 53.620065500000003 6.8611797000000001 20.781518000000002 64.677697000000009 5.9755353000000007 0.80732893500000014 0.74514878500000015 0.84162213000000008 978.19149500000015 30.793214000000003 112.44311700000002 0.82351315000000014 139.22764000000004 187.48587500000005 160.65826000000001 17.506850500000002 0.75128437000000015 0.84675575000000014 26.253758500000004 2.8197119000000002 10.288657500000001 0.77079022500000016 0.73726856500000004 400.35991000000007 228.85675000000003 260.90100000000007 347.26253500000001 18.105778000000004 17.734071500000002 38.943397000000012 41.247459000000006 64.845025000000007 59.528753500000008 0.83462475000000014 0.80667483500000015 0.77265240000000002
decision_type=2 2 2 2 2 2 2 2 2 2 2 2 2 2 2 2 2 2 2 2 2 2 2 2 2 2 2 2 2 2 2 2 2 2 2 2 2 2 2 2 2 2 2 2 2 2 2 2 2 2 2 2 2 2 2 2 2 2 2 2 2 2
left_child=10 4 3 7 20 -6 8 -3 -5 22 27 21 19 14 32 43 17 18 -17 31 23 25 -7 -2 -22 35 -27 37 -29 30 55 -13 -9 41 -18 42 -37 38 45 40 -40 -11 -12 -8 -45 -1 -47 -44 -25 50 -41 -52 -53 54 -48 -30 -57 58 -58 -39 -38 -43
right_child=1 2 -4 6 5 9 15 13 -10 33 11 12 -14 -15 -16 16 34 -19 -20 -21 24 -23 -24 48 -26 26 -28 28 29 -31 -32 -33 -34 -35 -36 36 60 59 39 49 -42 61 47 44 -46 46 53 -49 -50 -51 51 52 -54 -55 -56 56 57 -59 -60 -61 -62 -63
leaf_value=-0.089298520432183337 -0.022157627222406426 0.091665333271669827 -0.097070399775593397 0.092031341765223484 0.09206128089593793 -0.039070919020924043 0.091913308423382509 -0.039659564049002519 -0.041455049500388835 -0.067503505481825862 -0.070455333391799047 0.019822816885436179 -0.080867407421168686 -0.085970235346060922 0.092320925637796994 0.051558808110386684 0.092186272933286184 -0.02394028992685697 0.091716959695035391 0.067678150814307544 -0.013871323971194591 -0.03334265635436371 0.04067359288856761 -0.087396204827819485 -0.0718485167333867 -0.074269971584778369 -0.011573617418954678 0.052632044218641642 -0.090849349510987762 -0.014806371335276479 -0.042569957594743454 -0.030700595535665356 -0.086225723303114496 -0.054434407876182228 0.075065054881830073 -0.03350541967440393 -0.092493603367737209 -0.063164628505127038 -0.079200938015257905 -0.092518523631602095 -0.047429458558621386 -0.091676716878662634 -0.091257614021574118 0.06105903364298132 0.091930465284520466 -0.027796892576141499 -0.089450303528088304 -0.075314595251656027 -0.074611575300757613 -0.092053184534324928 -0.051941328221986764 -0.089172513854697308 -0.067332921437064416 -0.090811536455715436 -0.034201662828452259 -0.065017870238647552 -0.087141751978147941 -0.0909826235787312 -0.06253867687595481 -0.082259779160760993 -0.075860631749658916 -0.08084687781699984
leaf_weight=57.691571129485965 1.5564793553203333 2.2480155974626532 4.3089382797479621 2.7023878660984328 4.1089855809696045 2.1497871717438097 182.6777288520243 1.9278519041836242 3.783694717567414 1.9938482977449874 1.8746884502470553 2.7625504434108716 3.384148808196187 3.4526798669248819 2.0204771189019084 7.6989457728341284 28.642217953689396 4.7121083736419669 14.477823974099008 1.9882079726085065 2.4979595337063065 3.2851914316415778 1.8347157165408132 35.550815554335713 4.2047913521528244 3.37438791245222 2.0003339517861605 2.2865782789885989 14.989137377589939 2.3752706032246342 2.980198615230619 2.0604763515293598 2.0756238773465157 2.8997153397649518 4.3293014019727698 1.1618593111634243 2.0943295769393444 2.0511785112321368 2.8541137278080013 3.9294476974755508 1.9946973938494919 4.4925867989659309 18.498250791803006 3.2065756060183039 12.20964153902605 2.1787558794021598 21.769243396818641 2.081805730238556 3.1188550386577836 5.8581741973757735 1.5633526369929311 2.1840821616351609 1.5441086795181034 19.687427613884211 2.0540363341569892 1.9524794556200493 14.444313233718281 12.415716152638195 3.2958587519824496 2.0088007226586342 2.3780609108507633 2.3756165504455566
leaf_count=615 22 8 12 16 33 21 962 28 36 32 26 25 24 38 20 37 135 23 84 24 24 34 20 407 30 33 25 28 166 39 33 23 25 24 24 19 27 20 28 46 28 51 191 14 61 16 245 23 37 59 21 34 18 216 14 33 158 137 38 22 29 27
internal_value=-4.4521e-11 0.0517242 0.0791519 0.0819015 -0.0634643 -0.026565 0.0861366 -0.0136175 0.0141613 -0.0575204 -0.0784171 -0.0622212 -0.0144777 -0.0385923 -0.0114373 0.0879463 0.0764679 0.0599505 0.0777756 0.0185079 -0.0790761 -0.0754668 -0.00235153 -0.0838807 -0.0502418 -0.0796022 -0.050936 -0.0825921 -0.0753536 -0.0809329 -0.0840694 -0.00176162 -0.063802 -0.0762099 0.0899382 -0.0850874 -0.0733091 -0.085703 -0.086134 -0.0804597 -0.0661308 -0.0833349 -0.0880428 0.0914149 0.0855092 -0.0872278 -0.0846131 -0.0896449 -0.0863651 -0.0850672 -0.0806289 -0.0717999 -0.0801272 -0.0874581 -0.0846868 -0.0866954 -0.0847562 -0.0860341 -0.0825709 -0.0726125 -0.0836495 -0.0879308
internal_weight=576.311 347.258 280.474 276.165 66.7842 19.8553 264.44 11.7246 6.48608 15.7463 229.053 46.9443 10.1954 9.47663 6.02395 257.954 59.8604 26.8889 22.1768 6.81123 46.9289 36.7489 3.9845 40.2261 6.70275 33.4637 5.37472 182.109 54.7396 52.453 50.0777 4.82303 4.00348 11.7618 32.9715 28.089 5.63425 127.369 123.309 19.928 4.84881 8.86205 22.4547 198.094 15.4162 103.381 45.6895 20.5801 38.6697 15.0792 9.22099 5.29154 3.72819 43.5107 23.8233 47.0975 32.1084 30.1559 17.7402 4.05998 4.47239 6.8682
internal_count=4768 2251 1523 1511 728 208 1392 119 52 175 2517 503 96 111 73 1340 303 144 121 72 520 407 41 466 54 373 58 2014 632 604 565 48 53 134 159 315 75 1382 1340 234 56 110 240 1037 75 1106 491 214 444 178 119 73 52 475 259 532 366 333 196 42 56 78
is_linear=0
shrinkage=0.05


end of trees

feature_importances:
Column_0=27
Column_2=27
Column_4=26
Column_1=20
Column_3=15
Column_5=9

parameters:
[boosting: gbdt]
[objective: lambdarank]
[metric: ndcg]
[tree_learner: serial]
[device_type: cpu]
[data_sample_strategy: bagging]
[data: ]
[valid: ]
[num_iterations: 500]
[learning_rate: 0.05]
[num_leaves: 63]
[num_threads: 0]
[seed: 0]
[deterministic: 0]
[force_col_wise: 0]
[force_row_wise: 0]
[histogram_pool_size: -1]
[max_depth: -1]
[min_data_in_leaf: 20]
[min_sum_hessian_in_leaf: 0.001]
[bagging_fraction: 1]
[pos_bagging_fraction: 1]
[neg_bagging_fraction: 1]
[bagging_freq: 0]
[bagging_seed: 3]
[bagging_by_query: 0]
[feature_fraction: 1]
[feature_fraction_bynode: 1]
[feature_fraction_seed: 2]
[extra_trees: 0]
[extra_seed: 6]
[early_stopping_round: 0]
[early_stopping_min_delta: 0]
[first_metric_only: 0]
[max_delta_step: 0]
[lambda_l1: 0]
[lambda_l2: 0]
[linear_lambda: 0]
[min_gain_to_split: 0]
[drop_rate: 0.1]
[max_drop: 50]
[skip_drop: 0.5]
[xgboost_dart_mode: 0]
[uniform_drop: 0]
[drop_seed: 4]
[top_rate: 0.2]
[other_rate: 0.1]
[min_data_per_group: 100]
[max_cat_threshold: 32]
[cat_l2: 10]
[cat_smooth: 10]
[max_cat_to_onehot: 4]
[top_k: 20]
[monotone_constraints: ]
[monotone_constraints_method: basic]
[monotone_penalty: 0]
[feature_contri: ]
[forcedsplits_filename: ]
[refit_decay_rate: 0.9]
[cegb_tradeoff: 1]
[cegb_penalty_split: 0]
[cegb_penalty_feature_lazy: ]
[cegb_penalty_feature_coupled: ]
[path_smooth: 0]
[interaction_constraints: ]
[verbosity: -1]
[saved_feature_importance_type: 0]
[use_quantized_grad: 0]
[num_grad_quant_bins: 4]
[quant_train_renew_leaf: 0]
[stochastic_rounding: 1]
[linear_tree: 0]
[max_bin: 255]
[max_bin_by_feature: ]
[min_data_in_bin: 3]
[bin_construct_sample_cnt: 200000]
[data_random_seed: 1]
[is_enable_sparse: 1]
[enable_bundle: 1]
[use_missing: 1]
[zero_as_missing: 0]
[feature_pre_filter: 1]
[pre_partition: 0]
[two_round: 0]
[header: 0]
[label_column: ]
[weight_column: ]
[group_column: ]
[ignore_column: ]
[categorical_feature: ]
[forcedbins_filename: ]
[precise_float_parser: 0]
[parser_config_file: ]
[objective_seed: 5]
[num_class: 1]
[is_unbalance: 0]
[scale_pos_weight: 1]
[sigmoid: 1]
[boost_from_average: 1]
[reg_sqrt: 0]
[alpha: 0.9]
[fair_c: 1]
[poisson_max_delta_step: 0.7]
[tweedie_variance_power: 1.5]
[lambdarank_truncation_level: 30]
[lambdarank_norm: 1]
[label_gain: ]
[lambdarank_position_bias_regularization: 0]
[eval_at: 1,3,5,10]
[multi_error_top_k: 1]
[auc_mu_weights: ]
[num_machines: 1]
[local_listen_port: 12400]
[time_out: 120]
[machine_list_filename: ]
[machines: ]
[gpu_platform_id: -1]
[gpu_device_id: -1]
[gpu_use_dp: 0]
[num_gpu: 1]

end of parameters

pandas_categorical:null
