tree
version=v4
num_class=1
num_tree_per_iteration=1
label_index=0
max_feature_idx=5
objective=lambdarank
feature_names=Column_0 Column_1 Column_2 Column_3 Column_4 Column_5
feature_infos=[0:4011.8434999999999] [0:0.99983405999999997] [0:189.20660000000001] [0:0.94059230000000005] [0:50.853929999999998] [0:0.91244769999999997]
tree_sizes=6800 6762

Tree=0
num_leaves=63
num_cat=0
split_feature=2 0 4 2 4 4 1 1 3 4 5 4 4 2 2 1 2 1 0 0 5 4 0 3 2 3 1 1 0 4 1 5 0 3 1 5 5 5 3 1 3 1 3 3 3 3 3 0 1 2 2 0 0 5 5 3 2 2 4 4 0 2
split_gain=418.521 216.624 23.4896 8.84178 7.79997 6.16054 4.87246 3.63103 2.50933 2.47034 2.24517 5.34117 13.3778 2.12552 1.49932 1.41701 1.33555 1.30586 1.01125 3.51567 1.00176 0.987634 0.921579 0.735677 1.08294 0.877558 0.616589 0.575916 0.559272 0.553388 1.30075 0.530446 0.724821 0.376737 0.30938 0.241229 0.506869 0.277359 0.228706 0.595687 1.46964 0.219762 0.1867 0.357306 0.113511 0.101321 0.100508 0.122824 0.120009 0.0914923 0.572653 0.0807189 0.0803342 0.0668859 0.0597016 0.0587358 0.0501754 0.171054 0.0473011 0.936057 0.0378015 0.0371206
threshold=1.0000000180025095e-35 1.0000000180025095e-35 1.0000000180025095e-35 35.960167000000006 1.8936541000000002 11.323735750000003 0.85321651500000006 0.97654892500000012 0.71906031500000012 18.087601000000003 0.64968681500000014 1.8936541000000002 13.845180000000001 20.407986000000005 67.112390000000019 0.86071670000000011 56.969741500000005 0.83056413000000007 139.02085000000002 185.64941000000002 0.80319965000000015 10.570526500000001 143.76788000000002 0.72449720000000006 55.634247000000009 0.78765643000000007 0.81926560500000012 0.89342833500000018 154.82311000000001 28.502855500000006 0.87778293000000007 0.73958755000000009 26.826177000000005 0.75355970000000017 0.78529881500000009 0.71299410000000008 0.71847760500000002 0.73616897500000011 0.72165323500000012 0.74560393000000003 0.76042260000000017 0.77524423500000006 0.8231675650000001 0.82910872000000013 0.75396945000000015 0.74864602000000013 0.60939015000000019 64.596000000000018 0.65363073000000005 52.878986500000003 50.173993000000003 233.67254500000004 18.869923500000002 0.72691392000000021 0.68926812500000001 0.73174930000000005 65.29839800000002 70.109760000000009 6.2933978500000007 10.806174500000003 209.26661500000003 31.444290500000005
decision_type=2 2 2 2 2 2 2 2 2 2 2 2 2 2 2 2 2 2 2 2 2 2 2 2 2 2 2 2 2 2 2 2 2 2 2 2 2 2 2 2 2 2 2 2 2 2 2 2 2 2 2 2 2 2 2 2 2 2 2 2 2 2
left_child=6 4 3 41 13 -6 10 29 -7 -10 18 31 21 -2 16 -8 17 -5 38 28 22 -13 27 49 25 -25 52 -17 -20 46 -31 32 35 -33 -35 54 -37 53 58 42 -41 -3 44 -44 45 55 47 -4 -48 50 61 60 -14 -38 -12 -40 -50 -58 -1 -60 -21 -15
right_child=1 2 7 14 5 8 15 -9 9 -11 11 12 26 23 -16 20 -18 -19 19 51 -22 -23 -24 24 -26 -27 -28 -29 -30 30 -32 33 -34 34 -36 36 37 -39 39 40 -42 -43 43 -45 -46 -47 48 -49 56 -51 -52 -53 -54 -55 -56 -57 57 -59 59 -61 -62 -63
leaf_value=-0.098626089158534325 0.0043109263379004113 0.066966901999375508 0.099999999999999978 0.01434728708878503 0.098579345216865927 -0.085694842630636203 0.020447242246501022 0.019811889757355219 0.040722978945775284 -0.063408465622157489 -0.081190701503299018 0.099999999999999978 -0.097762518715608468 -0.098452440200413868 -0.072103992738846878 -0.028139390154445637 0.041126145680379082 -0.079963074681391716 0.00063428285402967327 -0.095588930786658893 -0.099999999999999881 0.028724073904936611 0.0068040696712542486 0.010855506906956219 -0.093799602889790779 -0.067087914214952846 -0.048041262793968836 -0.090441368577586945 -0.046296028877306793 0.048903967744176026 0.099999999999999978 -0.09955735399421782 -0.0240953461155438 -0.056281993942785491 -0.09828276928805306 -0.036562716684151474 -0.083782306485580035 -0.061423099401583775 -0.082146690523249286 -0.0110273930468713 -0.099999999999999922 0.099999999999999922 -0.0538273167437349 -0.098773220837378398 -0.099999999999999992 -0.072897041689114248 0.082318236067749032 0.076886660401176143 0.099982234642528908 -0.098374470695047692 -0.046917457996312847 -0.099863143544543606 -0.079794152748185201 -0.099999999999999936 -0.099572239812608265 -0.099999999999999936 0.078368806140227593 0.098460064797222024 -0.042978228697761266 -0.097696296367642557 -0.08106016205485797 -0.091700871835461467
leaf_weight=19.52471314187278 0.63020208105445519 0.9527928611641977 1.1749355671927326 0.62949669512454443 0.940039221663027 1.8915166947990654 1.0068572652526189 1.5070736431516696 1.2206985084339979 1.0677313860505817 0.58485521981493294 1.2152566249715158 2.6468102823710074 2.8294029535609333 2.1280170839745551 0.80892591457814045 0.74615052738226939 0.88036375166848302 0.94269688986241673 0.81187006947584428 0.70932608423754562 0.80992927472107101 0.92466915515251447 0.59784792410209708 1.7791715739294884 0.91202490963041782 0.94884038832969952 0.68507405836135149 1.9438485191203652 1.8798141945153464 3.6914620455354452 8.6909431500826013 0.58057170035317529 1.0187426370102901 0.76971913501620282 0.707072831573896 1.2816053964197642 1.0638618732336906 0.69764908077195187 0.78679727343842287 1.1317353285849092 1.0677197203040121 0.79466743802185991 0.99688114318996668 6.6685093881096691 0.79326983913779248 1.0298800915479649 1.1252439161762593 72.927784742263611 5.7238792045973232 0.70287230424583036 5.1144992936169729 0.81315219262614835 1.2616095300763843 1.8051465762546284 1.3563219555653629 1.1744600469246496 10.813204168807713 0.82208969839848833 15.866418773657641 0.99810862494632602 7.2587931760353968
leaf_count=545 14 27 13 28 31 38 26 17 25 28 35 28 83 87 39 36 15 17 37 31 13 31 29 21 57 32 24 15 36 34 44 207 18 28 22 19 38 19 15 15 31 14 14 33 203 21 17 28 1103 171 24 153 11 41 67 35 29 151 22 458 30 197
internal_value=1.93309e-10 0.0578856 0.0905782 -0.00211408 -0.0722599 -0.0170738 -0.084124 0.0968059 -0.0430833 -0.00786248 -0.0867491 -0.0739158 -0.034883 -0.0860873 -0.0419973 -0.0311439 -0.0135987 -0.0406428 -0.0919903 -0.077327 -0.0477503 0.0714947 -0.032427 -0.0889639 -0.0673696 -0.0362255 -0.0837477 -0.056708 -0.0309694 0.0980428 0.0827596 -0.0880531 -0.0776902 -0.0952568 -0.0743583 -0.0823314 -0.0752721 -0.08286 -0.0949002 -0.089273 -0.063512 0.0844229 -0.0936439 -0.0788368 -0.0964317 -0.0880743 0.0990076 0.088693 0.0992837 -0.0932646 -0.0905542 -0.0966517 -0.0935396 -0.0918274 -0.0950741 -0.093936 0.0994895 0.0964917 -0.0969554 -0.0950008 -0.0875771 -0.0935945
internal_weight=214.866 127.283 101.728 6.40454 25.5542 5.11999 87.583 95.3239 4.17995 2.28843 83.4482 24.1981 6.43399 20.4342 4.38403 4.13485 2.25601 1.50986 59.2501 9.81102 3.128 2.02519 2.41867 19.804 3.28904 1.50987 4.4088 1.494 2.88655 93.8168 5.57128 17.7641 7.28472 10.4794 1.78846 6.70415 4.31415 3.60708 49.4391 13.2258 1.91853 2.02051 11.3073 1.79155 9.51575 2.84724 88.2455 2.30018 85.9453 16.5149 10.7911 6.92448 3.45996 2.54321 2.39 2.05397 84.9154 11.9877 36.2132 16.6885 1.80998 10.0882
internal_count=4770 2301 1576 140 725 122 2469 1436 91 53 2350 671 177 603 99 119 60 45 1679 287 93 59 80 589 110 53 118 51 73 1419 78 494 237 257 50 219 117 98 1392 367 46 41 321 47 274 71 1341 41 1300 479 308 214 94 79 102 50 1283 180 1025 480 61 284
is_linear=0
shrinkage=0.05


Tree=1
num_leaves=63
num_cat=0
split_feature=4 0 4 1 2 4 2 1 4 1 2 3 1 0 2 2 4 0 2 2 1 0 0 0 4 3 0 5 3 1 1 1 5 5 5 4 2 2 5 5 3 5 5 0 5 5 5 0 3 2 0 3 0 5 5 5 3 3 3 2 2 2
split_gain=858.754 441.973 48.709 25.3917 26.0653 20.3643 8.86512 12.4053 23.6977 8.39643 8.33838 8.09622 8.01577 5.63146 4.95667 4.68866 4.13142 4.06127 7.13929 5.2857 3.33138 1.8623 2.30407 2.96908 1.38723 1.21398 1.12395 1.0391 2.56053 0.995538 1.40504 1.00964 0.951467 0.763155 0.538365 0.448387 0.439259 3.22391 0.871846 0.778965 0.40667 0.36926 0.349753 0.216574 0.209551 0.395473 0.356417 0.178933 0.177254 0.576741 0.17453 0.121187 0.109225 0.104559 0.138821 0.103564 0.0913426 0.283134 0.0599819 0.0474034 0.089916 0.0528078
threshold=1.0000000180025095e-35 1.0000000180025095e-35 9.4582705000000029 0.98067378000000016 1.0000000180025095e-35 13.845180000000001 64.886910000000015 0.86071670000000011 24.461996000000003 0.8397214500000002 8.5957300000000014 0.8406349500000001 0.84207237500000021 127.36654000000001 83.237905000000012 14.661625500000001 15.114920000000001 112.16185 15.996325000000002 43.986338000000011 1.0000000180025095e-35 185.64941000000002 139.02085000000002 140.10937000000004 35.860785000000007 0.60939015000000019 162.83670500000002 0.76691007500000008 0.72449720000000006 0.85607970000000011 0.90357827000000013 0.88433458000000009 0.74985777000000009 0.78365518000000012 0.75623833500000015 10.493629500000003 4.9450205000000009 20.407986000000005 0.64341903000000011 0.73774875000000006 0.76706780000000008 0.77184748000000014 0.78219116000000011 233.67254500000004 0.71299410000000008 0.73958755000000009 0.73616897500000011 66.084950000000006 0.84689916500000006 34.853327000000007 209.26661500000003 0.8231675650000001 95.662192500000018 0.73161910000000019 0.71847760500000002 0.72622490000000017 0.76706780000000008 0.80766487000000009 0.83218312000000016 63.336515000000006 36.341011000000009 52.878986500000003
decision_type=2 2 2 2 2 2 2 2 2 2 2 2 2 2 2 2 2 2 2 2 2 2 2 2 2 2 2 2 2 2 2 2 2 2 2 2 2 2 2 2 2 2 2 2 2 2 2 2 2 2 2 2 2 2 2 2 2 2 2 2 2 2
left_child=9 2 -2 4 5 -3 20 8 13 17 29 -12 15 -8 -9 32 -17 27 21 -20 -6 22 -19 -24 25 -22 -25 36 42 -11 31 47 35 -34 -7 -4 44 -38 56 -40 -18 -14 -29 50 51 46 53 -31 -27 -50 -23 52 -1 54 -46 -56 59 -58 -53 60 -39 -62
right_child=1 3 12 -5 6 34 7 14 -10 10 11 -13 41 -15 -16 16 40 18 19 -21 24 43 23 26 -26 48 -28 28 -30 30 -32 -33 33 -35 -36 -37 37 38 39 -41 -42 -43 -44 -45 45 -47 -48 -49 49 -51 -52 58 -54 -55 55 -57 57 -59 -60 -61 61 -63
leaf_value=-0.089969506356541107 0.092737771082843132 0.084418079019179998 -0.063203091244960638 -0.048612163268548184 0.030012021190381068 -0.052410381694640545 -0.011831706594395919 0.037484556625194947 -0.082375991442167978 -0.090054191658681601 0.037220718965680806 -0.068739503306932931 0.041030548715195812 0.091725723681993457 0.091857514996647419 -0.0024056751223966197 -0.084379028581986398 -0.092181457603909875 0.040816484122463179 -0.052579920868770461 0.066912240694801464 -0.088697510325582596 0.00089687214387689862 -0.086506582313631827 0.06098841945059829 0.091890214307273066 -0.043631234161681409 -0.071780524638922413 -0.027357995087473982 -0.049308971501614819 -0.09536624024863076 -0.0099077370091750668 -0.05123122803678043 -0.088620166257116315 -0.085582613896538706 -0.089794752999748914 -0.024701186417345838 -0.089950914796100345 -0.032679891076408396 -0.086384681399035657 -0.06018250174004075 -0.0014200818057104054 -0.091482796146249531 -0.091220074207930504 -0.063470352986606374 -0.089870296608005995 -0.058546559130728919 -0.074435890012258768 0.071115035415583838 0.091977437300112708 -0.067461249913251517 -0.074202810453752086 -0.080413016248714553 -0.091176995677260869 -0.089354504944676727 -0.071960707447644351 -0.069509014134905275 -0.091845396059430179 -0.086766881639676094 -0.090864596964920455 -0.082195554887665806 -0.088377951757804718
leaf_weight=71.158882210147567 4.5737774530425659 3.7865939433104341 1.6481345035135735 3.7534069828689089 2.3245291467756024 2.3177614053711295 1.6648440998978893 5.1406606603413847 3.7877310498151928 5.0514136161655205 4.4708155859261742 3.0208402425050735 1.0702566504478448 6.2083081565797329 22.699736549751833 3.2395339505746943 3.0409051366150379 4.3300375975668457 2.3551652682945123 4.2460378436371684 5.186479431577026 1.8664644323289423 2.316548749804495 3.1299026496708393 3.9829744175076476 178.20641146064736 2.9874850381165743 3.9165559001266939 2.65166844241321 1.4729330539703371 1.9477013163268564 1.4328013081103561 3.259127862751483 2.3480710797011852 2.5897814631462097 41.559607333503664 2.3267664958257219 12.022946539334955 1.4560534562915557 1.259038023650646 4.048268049955368 0.98259194195270527 5.3016416989266872 12.485963091254233 1.2962657362222687 10.742417965084313 2.2709789648652077 1.3652300653047857 4.4667470483109382 12.823000914882867 2.0087936446070671 1.9216708950698369 3.1211060900241128 1.9555188491940496 2.1896557565778498 1.4048106223344801 2.7806095080450168 2.8967799004167318 1.8786074854433534 9.0381289720535261 10.612558044493197 5.120588704943656
leaf_count=852 50 35 14 12 15 28 17 36 24 52 30 23 22 68 97 23 29 46 20 39 27 25 5 44 9 1048 27 36 27 25 12 18 38 28 19 522 24 152 26 14 31 18 56 152 19 113 21 20 31 52 31 22 33 26 35 23 36 42 24 110 158 59
internal_value=1.93114e-10 0.0510903 -0.0646553 0.0804896 0.0823885 -0.00269814 0.0853896 0.0636836 0.0203883 -0.078322 -0.0463889 -0.00550534 -0.0764187 0.0698276 0.0818177 -0.07979 -0.0491849 -0.0814255 -0.0662071 -0.0192581 0.0895319 -0.076848 -0.0625335 -0.0473121 0.0902079 0.0907878 -0.065568 -0.0848814 -0.0706567 -0.0735658 -0.0601723 -0.0441228 -0.0862657 -0.0668882 -0.0699158 -0.0887804 -0.0860422 -0.0820973 -0.0850527 -0.0575838 -0.0705616 0.0207116 -0.0831118 -0.0880152 -0.087956 -0.0833702 -0.0757113 -0.0613957 0.0914213 0.0865877 -0.0776894 -0.0891224 -0.089568 -0.0814051 -0.0774978 -0.0825566 -0.0868087 -0.0809057 -0.0804137 -0.0877196 -0.0866955 -0.0842077
internal_weight=536.521 324.709 65.7703 258.939 255.186 8.69414 246.491 39.5013 11.6609 211.811 18.7617 7.49166 61.1965 7.87315 27.8404 59.1436 10.3287 193.05 35.7264 6.6012 206.99 29.1252 12.764 8.43394 204.666 200.683 6.11739 157.323 11.8699 11.2701 6.21867 4.27096 48.8149 5.6072 4.90754 43.2077 145.453 47.5135 45.1867 2.71509 7.08917 2.05285 9.2182 16.3612 97.9399 19.8596 9.11723 2.83816 195.496 17.2897 3.87526 78.0803 74.28 6.84625 4.89073 3.59447 42.4716 5.67739 3.80028 36.7942 27.7561 15.7331
internal_count=4770 2293 775 1518 1506 82 1424 242 109 2477 180 53 725 85 133 685 83 2297 389 59 1182 330 122 76 1167 1158 71 1908 119 127 75 63 602 66 47 536 1789 621 597 40 60 40 92 208 1168 237 124 45 1131 83 56 931 885 103 77 58 557 78 46 479 369 217
is_linear=0
shrinkage=0.05


end of trees

feature_importances:
Column_2=24
Column_5=22
Column_0=21
Column_3=21
Column_1=19
Column_4=17

parameters:
[boosting: gbdt]
[objective: lambdarank]
[metric: ndcg]
[tree_learner: serial]
[device_type: cpu]
[data_sample_strategy: bagging]
[data: ]
[valid: ]
[num_iterations: 500]
[learning_rate: 0.05]
[num_leaves: 63]
[num_threads: 0]
[seed: 0]
[deterministic: 0]
[force_col_wise: 0]
[force_row_wise: 0]
[histogram_pool_size: -1]
[max_depth: -1]
[min_data_in_leaf: 20]
[min_sum_hessian_in_leaf: 0.001]
[bagging_fraction: 1]
[pos_bagging_fraction: 1]
[neg_bagging_fraction: 1]
[bagging_freq: 0]
[bagging_seed: 3]
[bagging_by_query: 0]
[feature_fraction: 1]
[feature_fraction_bynode: 1]
[feature_fraction_seed: 2]
[extra_trees: 0]
[extra_seed: 6]
[early_stopping_round: 0]
[early_stopping_min_delta: 0]
[first_metric_only: 0]
[max_delta_step: 0]
[lambda_l1: 0]
[lambda_l2: 0]
[linear_lambda: 0]
[min_gain_to_split: 0]
[drop_rate: 0.1]
[max_drop: 50]
[skip_drop: 0.5]
[xgboost_dart_mode: 0]
[uniform_drop: 0]
[drop_seed: 4]
[top_rate: 0.2]
[other_rate: 0.1]
[min_data_per_group: 100]
[max_cat_threshold: 32]
[cat_l2: 10]
[cat_smooth: 10]
[max_cat_to_onehot: 4]
[top_k: 20]
[monotone_constraints: ]
[monotone_constraints_method: basic]
[monotone_penalty: 0]
[feature_contri: ]
[forcedsplits_filename: ]
[refit_decay_rate: 0.9]
[cegb_tradeoff: 1]
[cegb_penalty_split: 0]
[cegb_penalty_feature_lazy: ]
[cegb_penalty_feature_coupled: ]
[path_smooth: 0]
[interaction_constraints: ]
[verbosity: -1]
[saved_feature_importance_type: 0]
[use_quantized_grad: 0]
[num_grad_quant_bins: 4]
[quant_train_renew_leaf: 0]
[stochastic_rounding: 1]
[linear_tree: 0]
[max_bin: 255]
[max_bin_by_feature: ]
[min_data_in_bin: 3]
[bin_construct_sample_cnt: 200000]
[data_random_seed: 1]
[is_enable_sparse: 1]
[enable_bundle: 1]
[use_missing: 1]
[zero_as_missing: 0]
[feature_pre_filter: 1]
[pre_partition: 0]
[two_round: 0]
[header: 0]
[label_column: ]
[weight_column: ]
[group_column: ]
[ignore_column: ]
[categorical_feature: ]
[forcedbins_filename: ]
[precise_float_parser: 0]
[parser_config_file: ]
[objective_seed: 5]
[num_class: 1]
[is_unbalance: 0]
[scale_pos_weight: 1]
[sigmoid: 1]
[boost_from_average: 1]
[reg_sqrt: 0]
[alpha: 0.9]
[fair_c: 1]
[poisson_max_delta_step: 0.7]
[tweedie_variance_power: 1.5]
[lambdarank_truncation_level: 30]
[lambdarank_norm: 1]
[label_gain: ]
[lambdarank_position_bias_regularization: 0]
[eval_at: 1,3,5,10]
[multi_error_top_k: 1]
[auc_mu_weights: ]
[num_machines: 1]
[local_listen_port: 12400]
[time_out: 120]
[machine_list_filename: ]
[machines: ]
[gpu_platform_id: -1]
[gpu_device_id: -1]
[gpu_use_dp: 0]
[num_gpu: 1]

end of parameters

pandas_categorical:null
