tree
version=v4
num_class=1
num_tree_per_iteration=1
label_index=0
max_feature_idx=5
objective=lambdarank
feature_names=Column_0 Column_1 Column_2 Column_3 Column_4 Column_5
feature_infos=[0:1754.3757000000001] [0.55785154999999997:0.99981830000000005] [0.01866292:191.94403] [0.54381610000000002:0.94954850000000002] [0:59.921455000000002] [0.49709724999999999:0.91386867000000005]
tree_sizes=3364 3360 3374 3357 3371 3374 3361 3382 3370 3349 3369 3391 3383 3378 3396

Tree=0
num_leaves=31
num_cat=0
split_feature=1 1 1 5 3 4 2 5 0 1 1 0 5 0 5 0 1 5 3 0 0 1 2 1 0 3 0 2 4 3
split_gain=955.172 101.542 33.1654 26.6719 9.78507 8.4004 8.53584 7.77853 7.62563 6.13397 6.10136 7.95084 5.22058 4.74305 4.43283 3.92833 5.85452 6.72984 6.22718 6.0804 3.69614 3.44457 3.3165 3.29896 4.72045 3.29029 3.22735 3.16492 4.28314 3.1152
threshold=0.76375019500000019 0.71726252000000013 0.80858647500000014 0.74748635000000008 0.67106247000000008 6.3718002000000009 27.473572500000003 0.67881715500000006 5.6549527000000008 0.84688436500000008 0.77781247000000009 43.116853500000012 0.72156548500000006 163.38132500000003 0.73716818500000014 10.911564000000002 0.73404073500000011 0.58712530000000018 0.67608345000000003 22.746112000000004 175.63170500000004 0.73472797000000012 49.238050000000008 0.68054413000000002 41.329340000000009 0.63797057000000013 40.699886000000006 36.579848000000005 12.326888000000002 0.79784428000000018
decision_type=2 2 2 2 2 2 2 2 2 2 2 2 2 2 2 2 2 2 2 2 2 2 2 2 2 2 2 2 2 2
left_child=1 23 4 5 13 6 -3 20 -6 -4 11 12 -10 -2 15 -7 17 -17 25 -18 21 22 -8 -1 26 -19 29 28 -5 -25
right_child=2 3 9 27 8 14 7 -9 10 -11 -12 -13 -14 -15 -16 16 19 18 -20 -21 -22 -23 -24 24 -26 -27 -28 -29 -30 -31
leaf_value=-0.19043972577543108 -0.14601942527058839 -0.12757778283599358 0.13785932905459269 0.11749749252837349 -0.096977056189848518 0.024863541225427298 -0.095529265394051155 -0.20000000000000001 -0.19999999999999959 0.17683914825408387 0.11644349086618321 0.085626123606300619 0.016940647841740836 0.09019160803381171 -0.20000000000000001 0.1621479400643458 -0.16852455551767487 -0.20000000000000015 -0.17535664002527079 0.010362343578098092 -0.19999999999999957 0.079153603443624904 0.099833537394897948 -0.1494387086063815 -0.1949001034228568 0.061779618679918859 0.099620726063564174 0.19321014088752489 -0.1045952693370976 0.093720976629721509
leaf_weight=95.351232178159989 2.6168466005474325 28.349347764858976 64.306076305336319 4.0475059254094941 2.0512056858278802 10.748334850184618 3.129985000006851 2.1860356507822862 1.6869967101374665 108.45913619431667 55.303028516471386 18.478333035018295 3.2391236200928688 1.2590849981643257 1.534104209858923 0.87450881022960203 2.1580161459278342 0.62248245067894314 7.2838150833267719 15.897945056436582 0.79249779437668699 5.25295126484707 1.2029057443141935 48.863125142175704 28.984079076442868 2.099614080041647 0.53719175606965919 3.4871712140738964 1.105525556951761 0.53261165320873161
leaf_count=4000 70 1064 539 56 49 205 96 79 54 686 700 289 49 14 52 9 88 25 337 500 45 108 29 1941 1381 51 13 19 44 15
internal_value=-7.24196e-11 -0.133251 0.137206 -0.0474884 0.0859212 -0.0650698 -0.0971698 -0.0285594 0.0933703 0.16233 0.0983309 0.0555322 -0.0573527 -0.069287 -0.0332073 -0.0267596 -0.0459348 -0.103879 -0.12713 -0.0110179 0.00755185 0.0247109 -0.0412923 -0.177923 -0.162799 0.00191649 -0.144166 0.119638 0.06985 -0.146817
internal_weight=522.441 265.041 257.4 90.7727 84.6346 82.1325 40.9137 12.5644 80.7587 172.765 78.7075 23.4045 4.92612 3.87593 41.2188 39.6847 28.9364 10.8804 10.0059 18.056 10.3783 9.58584 4.33289 174.268 78.917 2.7221 49.9329 8.6402 5.15303 49.3957
internal_count=12607 10157 2450 2807 1225 2688 1421 357 1141 1225 1092 392 103 84 1267 1215 1010 422 413 588 278 233 125 7350 3350 76 1969 119 100 1956
is_linear=0
shrinkage=0.1


Tree=1
num_leaves=31
num_cat=0
split_feature=1 1 1 2 5 4 1 5 0 2 3 5 5 1 1 0 0 0 2 5 5 0 0 4 1 2 4 4 0 3
split_gain=1400.13 171.802 52.9328 46.7958 33.2417 33.032 30.5579 29.1333 33.2856 38.4602 32.3551 23.9854 25.1793 22.8473 17.9463 17.5932 17.4195 28.8108 17.1959 14.8845 14.4378 17.4662 19.5452 13.8899 13.215 13.1964 12.9674 13.4799 12.7604 14.385
threshold=0.73622475000000009 0.81976318500000012 0.7146924750000001 19.865942500000006 0.76717687000000012 13.727230500000003 0.96713685000000005 0.78659475000000012 163.38132500000003 37.269115000000006 0.77485252000000016 0.56880665000000008 0.70821025000000015 0.76375019500000019 0.87728107000000011 9.6668530000000015 278.98278500000009 213.38603500000002 43.62689300000001 0.74581527000000014 0.62161971500000013 49.630065000000009 25.395565000000001 6.1762945000000009 0.84688436500000008 22.574376000000004 5.8000669000000009 1.7774852000000003 0.9427852000000001 0.73968555000000014
decision_type=2 2 2 2 2 2 2 2 2 2 2 2 2 2 2 2 2 2 2 2 2 2 2 2 2 2 2 2 2 2
left_child=2 3 -1 19 13 7 24 8 -3 10 -10 -4 -13 15 -12 -5 17 25 26 20 -2 22 28 -14 -7 -15 27 -17 -22 -30
right_child=1 5 11 4 -6 6 -8 -9 9 -11 14 12 23 16 -16 18 -18 -19 -20 -21 21 -23 -24 -25 -26 -27 -28 -29 29 -31
leaf_value=-0.14595610373961393 0.087539131511257931 0.095777400672757612 0.16876891878702027 0.11316961357864452 0.12001811170813433 0.096859210698913845 -0.014095448895459073 0.13036384319436661 0.10228052745893911 0.091115584420497331 -0.1331339688436208 -0.10297326255068902 -0.17265077867873485 0.10828209910027529 0.011050057841614655 -0.1635439587123127 0.12160777645499457 -0.12674903880143765 0.037302372800754748 0.031291982727625629 0.1533247778198869 -0.076086501399793782 0.053330459177635618 0.040803709444155629 0.14942110075397305 0.03620329763896276 -0.12000162256054787 0.043581845719343787 -0.13133135798113763 0.0069567066068817462
leaf_weight=430.28290903987363 9.5527122355997545 112.73399950750172 3.9908180311322203 9.3551120385527593 52.969759194180369 63.116678120568395 14.170266397297381 82.35499183088541 11.862864673137663 37.248633150011301 26.493599683046341 98.435188347939402 3.5628619380295303 30.266199389472604 12.804864212870596 4.1329900696873692 29.318649359047413 9.9574635550379735 22.111756267957389 52.353092811070383 2.6776763722300521 65.972036309540272 31.622112907469273 21.116832765750587 197.53076998330653 157.99763443786651 23.765868253074586 13.105444404296575 18.207597369328145 12.817367272451518
leaf_count=7150 69 210 8 54 131 130 33 144 20 71 57 1385 69 84 21 33 90 41 166 196 9 478 222 173 343 554 271 127 188 80
internal_value=-5.13775e-10 0.0652047 -0.129207 0.0253295 0.0469849 0.104213 0.128918 0.080265 0.0597529 0.0138171 -0.042461 -0.0725078 -0.0803289 0.0340902 -0.0861536 -0.0148083 0.0496642 0.0390232 -0.0337773 -0.0142348 -0.0311569 -0.0397928 -0.00313948 0.00998854 0.136693 0.047791 -0.0721073 -0.00607747 -0.0561234 -0.0742003
internal_weight=1661.89 1104.5 557.389 546.183 352.981 558.317 274.818 283.499 201.144 88.41 51.1613 127.106 123.115 300.011 39.2985 72.4712 227.54 198.221 63.1161 193.203 140.85 131.297 65.3248 24.6797 260.647 188.264 41.0043 17.2384 33.7026 31.025
internal_count=12607 3822 8785 2793 1551 1029 506 523 379 169 98 1635 1627 1420 78 651 769 679 597 1242 1046 977 499 242 473 638 431 160 277 268
is_linear=0
shrinkage=0.1


Tree=2
num_leaves=31
num_cat=0
split_feature=1 1 1 1 0 3 5 0 0 0 4 4 2 0 0 5 5 0 0 1 2 2 5 1 4 4 4 1 0 2
split_gain=1009.09 115.806 46.9645 44.7521 18.4678 20.2596 16.8158 19.2049 18.4536 16.202 12.0517 14.9878 13.2889 11.5768 11.656 11.3817 18.6073 17.3708 15.7918 15.5918 13.5581 11.7896 10.8958 10.8426 10.2705 14.0081 10.1281 9.82137 12.1925 9.78155
threshold=0.73796082000000007 0.84688436500000008 0.71726252000000013 0.77322303500000011 278.98278500000009 0.66668855000000005 0.74748635000000008 35.227878000000011 278.98278500000009 10.911564000000002 7.7174930500000007 7.9520728500000013 49.238050000000008 56.518796000000009 147.83091000000005 0.69956960000000012 0.76452280000000006 202.76044000000005 33.608506000000006 0.78402840000000007 55.622890500000004 19.865942500000006 0.53259170000000011 0.71933615500000003 12.554545000000003 7.8966175000000005 6.9000370000000011 0.68054413000000002 41.329340000000009 15.724283250000001
decision_type=2 2 2 2 2 2 2 2 2 2 2 2 2 2 2 2 2 2 2 2 2 2 2 2 2 2 2 2 2 2
left_child=2 3 22 6 5 -5 7 9 13 26 12 -12 23 -9 -15 17 18 20 19 -17 -7 -21 -1 -4 25 -18 -2 -24 -29 -8
right_child=1 -3 10 4 -6 15 29 8 -10 -11 11 -13 -14 14 -16 16 24 -19 -20 21 -22 -23 27 -25 -26 -27 -28 28 -30 -31
leaf_value=0.022995152079093115 -0.095782346395151235 0.11382111695605955 0.012431673117531392 -0.11065517597537287 0.10653326635261336 0.10664220778303775 -0.025822833634387365 0.068127876422553676 -0.18309032119517701 -0.14843964826426934 0.15102949907891222 -0.035453006013219095 0.071607487135005338 -0.041696532892101568 0.05441595544924889 -0.07260588208419777 0.12430709009295363 -0.066229018091381209 9.1760964917554958e-05 0.015799781618354335 -0.016933113520501177 0.14226985929313568 -0.14805909677326143 -0.11319124759821741 0.10198480957865133 -0.0025256505411889933 0.045323278133009445 -0.097041345391156386 -0.15251390314880936 0.10516462076924782
leaf_weight=4.5258597098290911 9.4498338904231804 305.39018585160375 7.94927411712706 8.0561361126601678 58.951011881232262 76.23334539681673 8.2821797151118535 26.618298705667257 5.0609705448150626 18.784724307246506 4.9060905817896119 35.462329841218889 5.1362669421359888 40.063010256737471 18.419156623072922 6.1980973463505498 12.496340967714785 7.519067905843257 121.01455138716847 11.048328053206204 10.048763005062936 22.145034644752741 203.59283869247884 50.634350197389722 54.853644053451717 28.724145255982876 11.017099887132643 116.89437757479027 59.938505319878459 18.292300516739488
leaf_count=50 89 686 85 55 173 282 50 230 79 308 31 513 55 463 195 46 41 37 465 46 35 59 3951 849 149 82 75 1969 1380 79
internal_value=7.05792e-11 0.064081 -0.115135 0.0375838 0.0546664 0.0461336 -0.00811423 -0.0229927 0.00242499 -0.0813773 -0.0555397 -0.0127892 -0.0826233 0.0134577 -0.0114256 0.0497396 0.0388385 0.0795465 0.0179932 0.0729883 0.0922501 0.100175 -0.13125 -0.0961453 0.0736418 0.0359248 -0.0198269 -0.133085 -0.115844 0.0643412
internal_weight=1367.71 878.666 489.04 573.276 417.288 358.337 155.988 129.413 90.1614 39.2517 104.088 40.3684 63.7199 85.1005 58.4822 350.281 256.48 93.8012 160.406 39.3915 86.2821 33.1934 384.952 58.5836 96.0741 41.2205 20.4669 380.426 176.833 26.5745
internal_count=12607 3724 8883 3038 1470 1297 1568 1439 967 472 1533 544 989 888 658 1242 888 354 616 151 317 105 7350 934 272 123 164 7300 3349 129
is_linear=0
shrinkage=0.1


Tree=3
num_leaves=31
num_cat=0
split_feature=1 1 1 2 5 3 1 3 5 5 1 5 5 3 0 2 1 4 2 1 3 3 0 1 2 2 3 0 5 3
split_gain=729.989 77.431 33.4022 26.9477 13.4879 12.3222 12.0419 10.3802 10.0821 9.8338 9.4407 10.064 16.2285 11.9319 9.23721 21.9604 11.1634 17.0512 9.48218 10.6323 8.67971 7.95487 13.7396 11.7066 7.67884 8.47605 8.46575 8.87469 9.82189 14.4609
threshold=0.73796082000000007 0.81410455500000012 0.71726252000000013 19.865942500000006 0.73138475000000003 0.78583420000000015 0.77495766500000018 0.80824362000000016 0.56327342500000011 0.53259170000000011 0.84688436500000008 0.73905015000000007 0.76717687000000012 0.79426980000000014 163.38132500000003 29.285233500000004 0.88403462500000007 11.415993500000001 49.238050000000008 0.93753897000000019 0.59115232000000006 0.78782985000000016 74.854895000000013 0.8708992000000001 12.410515000000002 2.1861808000000003 0.71157288500000015 5.6549527000000008 0.63498996500000005 0.75502600000000009
decision_type=2 2 2 2 2 2 2 2 2 2 2 2 2 2 2 2 2 2 2 2 2 2 2 2 2 2 2 2 2 2
left_child=2 3 9 4 -2 -6 7 -5 -4 20 11 -3 13 -13 21 16 17 -16 -17 -20 -1 22 23 -12 25 -10 -26 -28 29 -29
right_child=1 10 8 6 5 -7 -8 -9 24 -11 14 12 -14 -15 15 18 -18 -19 19 -21 -22 -23 -24 -25 26 -27 27 28 -30 -31
leaf_value=0.13241420197771858 -0.040938437029791178 0.095735096761208532 0.12992125270653127 -0.0011259020524204081 0.040931284698979747 -0.12623008706658231 0.060389030021225476 0.10519368249424968 0.028402863242979005 -0.12159714919856895 -0.038773124760562411 0.034430810616552877 0.075454577507728299 -0.09914997265743182 -0.1297198467134974 0.13561136182279829 0.081991839952555934 0.0588276874462925 0.094107257281528786 -0.015983991485349274 -0.16025654801013661 0.13579856710836455 0.13964777073772605 0.094705306421346905 0.00076190268031139431 -0.1312059407364122 0.053025396043780121 -0.14394958772971561 -0.11839699153451289 0.12831800917678207
leaf_weight=2.8534174673259249 74.112119590863585 64.02752691693604 2.934948429465293 70.598021046258509 47.428726722486317 4.8618166148662558 152.41410943400115 10.555967910215257 3.9560396596789387 329.41910499148071 11.737733382731678 16.685867274180058 52.137474440038204 11.158698285929857 10.218398952856665 45.933047844097018 11.896263740956782 9.0392691716551763 53.545559506863356 10.491323813796042 1.571343846619129 82.659411158412695 24.530655317008495 14.92623211443424 28.369960188865662 20.931703172624111 5.0389313194900742 3.4819501396268597 26.397186591289937 4.4360746247693896
leaf_count=9 873 196 6 740 255 31 633 65 38 7300 29 47 156 42 44 115 25 22 140 29 41 200 56 26 395 427 54 78 503 32
internal_value=-2.07483e-10 0.0577074 -0.104687 0.0236926 -0.0134999 0.0253891 0.0438205 0.0127034 -0.0525525 -0.119608 0.086931 0.0661888 0.0425362 -0.0191016 0.0977939 0.079944 0.00582998 -0.0412184 0.10094 0.0760707 0.0284795 0.116613 0.0856367 0.0359468 -0.0583353 -0.105835 -0.0408797 -0.0708986 -0.0890959 0.00858838
internal_weight=1208.35 778.958 429.391 359.971 126.403 52.2905 233.568 81.154 95.5468 333.844 418.987 144.01 79.982 27.8446 274.978 141.124 31.1539 19.2577 109.97 64.0369 4.42476 133.854 51.1946 26.664 92.6118 24.8877 67.7241 39.3541 34.3152 7.91802
internal_count=12607 3724 8883 2597 1159 286 1438 805 1533 7350 1127 441 245 89 686 375 91 66 284 169 50 311 111 55 1527 465 1062 667 613 110
is_linear=0
shrinkage=0.1


Tree=4
num_leaves=31
num_cat=0
split_feature=1 1 1 2 3 5 0 3 3 5 0 1 3 2 2 4 5 0 0 0 3 1 0 0 1 0 4 5 3 5
split_gain=552.894 73.8762 40.8003 16.4423 12.1579 12.0483 9.01789 9.90928 10.2974 8.59733 7.76658 7.28377 8.54902 9.30679 12.4812 9.69004 10.8922 7.16705 6.57445 32.4884 6.63775 6.25988 6.07936 9.53667 5.99662 8.47574 8.70096 8.54289 9.85423 9.16669
threshold=0.76375019500000019 0.71726252000000013 0.84688436500000008 12.410515000000002 0.75708580000000014 0.74748635000000008 123.65884800000002 0.74192167500000006 0.66668855000000005 0.71276474000000012 8.1561755000000016 0.81410455500000012 0.73546565000000008 33.472660000000005 21.266619000000002 10.509941000000001 0.63131275000000009 325.36063500000006 5.196940800000001 5.4509260500000005 0.79784428000000018 0.75654065000000015 39.804399500000009 25.395565000000001 0.73472797000000012 5.6549527000000008 8.0670040000000025 0.58380103500000013 0.71157288500000015 0.70821025000000015
decision_type=2 2 2 2 2 2 2 2 2 2 2 2 2 2 2 2 2 2 2 2 2 2 2 2 2 2 2 2 2 2
left_child=1 18 4 9 6 21 7 8 -2 -3 -10 12 13 14 15 16 -12 -4 -1 -20 -21 24 23 -18 25 26 -5 -27 29 -29
right_child=2 3 17 5 -6 -7 -8 -9 10 -11 11 -13 -14 -15 -16 -17 22 -19 19 20 -22 -23 -24 -25 -26 27 -28 28 -30 -31
leaf_value=-0.13814530882811413 -0.10274029202665669 -0.11235555132719136 0.10693524219190005 -0.090484290773867659 0.060106394961143408 0.064175246428833779 0.057355367383872861 -0.04841578495376761 -0.112900672136917 -0.014312875729719194 0.11717942886860361 0.094000074917319182 0.1088032940388135 -0.10253843281808804 0.099834461782133885 0.05430792049607245 -0.16765166181586255 0.062887103492631422 0.13358992358728292 -0.11009279926936066 0.073585604102844093 -0.092172391533745915 -0.18345534433763983 0.13587774765144692 0.0042302042709190741 0.088950163921639305 0.13308315242034199 -0.055301679431731081 -0.12534238439088449 0.12991773981937002
leaf_weight=66.700003437232226 5.9816692583262911 30.505671025253832 182.0340010728687 2.693410735577344 203.39141212264076 17.674097467213869 51.509411860257387 25.186705426312983 3.448459416627883 12.654116519726811 2.3218067288398769 18.866993129253387 9.2173090949654561 7.0316633880138388 13.350239321589468 9.4877223335206491 2.2522545382380468 46.343109766021371 5.6852421835064879 222.50932484841906 1.9850059784948815 12.185048607178031 6.3771889507770538 1.9154826682060955 61.08388917054981 3.4815116822719565 4.9219703488051891 15.191619102843108 19.005821834784001 3.2422978878021231
leaf_count=1501 63 688 527 55 917 93 247 146 36 134 12 54 43 34 62 54 29 159 36 5793 20 212 53 14 772 14 37 269 506 27
internal_value=6.03527e-11 -0.0797145 0.0649289 -0.0296716 0.0439709 -0.0129812 0.0230604 0.00630629 0.0234808 -0.0836102 0.0336467 0.0407825 0.0214565 0.00261774 0.0233271 -0.0223636 -0.0788999 0.0979968 -0.110501 -0.10249 -0.108469 -0.0241767 -0.122073 -0.0281502 -0.0166185 -0.0428568 0.0540117 -0.0608839 -0.0748169 -0.0227239
internal_weight=1068.23 479.519 588.715 182.639 360.338 139.48 156.947 105.437 80.2508 43.1598 74.2691 70.8207 51.9537 42.7364 35.7047 22.3545 12.8667 228.377 296.88 230.18 224.494 121.806 10.5449 4.16774 109.621 48.5366 7.61538 40.9213 37.4397 18.4339
internal_count=12607 10157 2450 2807 1764 1985 847 600 454 822 391 355 301 258 224 162 108 686 7350 5849 5813 1892 96 43 1680 908 92 816 802 296
is_linear=0
shrinkage=0.1


Tree=5
num_leaves=31
num_cat=0
split_feature=1 1 1 1 0 0 0 3 5 2 5 0 5 2 3 0 2 2 0 2 2 5 0 1 1 1 4 3 4 3
split_gain=412.949 41.3986 36.7015 13.2326 10.2644 11.3312 9.78149 10.1937 9.15066 10.065 7.95682 13.1154 10.5518 8.6271 7.85235 11.4054 12.1485 7.29732 7.2082 7.14937 12.4199 7.79705 7.24734 6.05543 6.05061 10.8185 10.3586 7.37348 7.59244 11.3561
threshold=0.74682380000000015 0.84688436500000008 0.7136193500000001 0.76908027500000009 35.227878000000011 10.911564000000002 278.98278500000009 0.66668855000000005 0.7104694800000001 19.085565500000005 0.76717687000000012 202.76044000000005 0.74266588000000011 10.181990500000003 0.67935490000000009 10.911564000000002 49.238050000000008 19.992441500000002 278.98278500000009 38.415193000000009 24.059167000000002 0.67675377000000003 44.298218500000011 0.7902087000000001 0.81410455500000012 0.80067037000000008 6.800706700000001 0.80274023000000005 7.5555345000000012 0.78403305000000012
decision_type=2 2 2 2 2 2 2 2 2 2 2 2 2 2 2 2 2 2 2 2 2 2 2 2 2 2 2 2 2 2
left_child=2 3 -1 4 5 17 7 -5 9 -4 11 12 24 -14 -10 -16 -17 -2 19 20 21 22 -6 -13 25 27 -27 28 -9 -30
right_child=1 -3 8 6 18 -7 -8 10 14 -11 -12 23 13 -15 15 16 -18 -19 -20 -21 -22 -23 -24 -25 -26 26 -28 -29 29 -31
leaf_value=-0.10461065820654002 -0.064568701527345229 0.087932444557042869 -0.090190942443373404 -0.095778568828646674 0.12645517939076012 -0.1494675656193537 0.085202037411161752 0.080028848634158253 0.1262272433905563 -0.023971060389692208 0.068049178015366182 0.024504203985191889 -0.11674014481326211 0.0089851549815772539 0.068176545530619845 -0.11902046604472026 0.091540829651130987 0.096037738785947416 -0.15655576074844216 0.079847064098591936 -0.11769421477046178 0.059516567113385405 -0.10351876704551924 -0.12100889192355985 0.077838625344513787 -0.14735610525323059 0.0093845474684016682 0.12772491008609377 0.03255730762243806 -0.12077390015713695
leaf_weight=249.58189593930729 7.0699230935424584 205.60249596647918 41.357526110485196 5.8784709712490431 1.7399855144321934 8.9671650100499374 44.2281353934668 27.812092442065477 4.8685795776546028 51.578283935552463 63.996940887533128 4.3604878131300202 6.6633577644824973 30.16707531362772 10.370790997520091 11.365207066759465 3.6106031015515319 4.7162294611334801 2.2820695452392092 16.454155726358294 7.1593182887881985 22.176470254547894 6.4499277761206031 8.3098735660314542 42.650717513635755 5.3744305893778828 19.567286178469658 10.817920535802839 38.340985141694546 5.5264454223215571
leaf_count=7050 80 686 1035 63 21 200 178 171 36 937 259 31 38 165 88 211 16 38 54 131 143 181 132 63 158 38 100 49 219 36
internal_value=2.18164e-11 0.0516105 -0.0825684 0.0324969 -0.00464475 -0.064754 0.0416155 0.0344616 -0.0378969 -0.0534397 0.0373662 0.0275279 0.034202 -0.0137611 0.0099095 -0.0124328 -0.068255 -0.000302027 0.0175277 0.0248873 0.000788757 0.0287228 -0.0546597 -0.0709308 0.0459716 0.0333211 -0.0243899 0.050769 0.0391548 0.0132405
internal_weight=969.045 596.312 372.733 390.709 77.0152 20.7533 313.694 269.466 123.151 92.9358 263.588 199.591 186.92 36.8304 30.2152 25.3466 14.9758 11.7862 56.2619 53.9799 37.5257 30.3664 8.18991 12.6704 150.09 107.439 24.9417 82.4974 71.6795 43.8674
internal_count=12607 3234 9373 2548 980 318 1568 1390 2323 1972 1327 1068 974 203 351 315 227 118 662 608 477 334 153 94 771 613 138 475 426 255
is_linear=0
shrinkage=0.1


Tree=6
num_leaves=31
num_cat=0
split_feature=1 1 1 5 2 3 5 1 0 0 0 1 5 4 0 3 4 1 1 4 4 1 2 2 0 4 5 1 4 1
split_gain=314.662 48.343 20.5982 11.4994 7.90212 9.06556 9.44806 6.19485 13.3422 23.1405 8.67447 7.54629 7.2936 6.07964 5.7991 8.21252 7.7804 5.7957 7.18627 5.985 5.57416 5.54105 18.0802 8.23915 6.58952 8.67947 9.68301 8.19575 5.49404 5.20656
threshold=0.76375019500000019 0.7136193500000001 0.84688436500000008 0.74748635000000008 34.838927000000005 0.74122763000000014 0.65043558000000012 0.68054413000000002 9.6668530000000015 5.196940800000001 5.4509260500000005 0.69693755000000013 0.53259170000000011 3.5886089500000007 130.86107000000001 0.83548652500000009 19.551562500000003 0.7762935150000001 0.78625810000000007 3.0911808000000005 21.738015000000004 0.96713685000000005 48.73773400000001 33.234407000000004 163.38132500000003 9.7273900000000015 0.77894640000000015 0.87728107000000011 5.0168636000000015 0.73062740000000015
decision_type=2 2 2 2 2 2 2 2 2 2 2 2 2 2 2 2 2 2 2 2 2 2 2 2 2 2 2 2 2 2
left_child=1 7 13 4 -3 29 28 12 9 -9 -11 -12 -1 17 15 16 -15 -2 -19 -20 -18 23 -23 24 -4 27 -27 -26 -7 -6
right_child=2 3 21 -5 5 6 -8 8 -10 10 11 -13 -14 14 -16 -17 20 18 19 -21 -22 22 -24 -25 25 26 -28 -29 -30 -31
leaf_value=0.03935323334754335 -0.15865752369572306 -0.04871725123989145 0.079577991872967865 0.054223234764720053 -0.026113129479396799 -0.09947206031160083 -0.11683981327912787 -0.11782025413173153 -0.10325881535716677 0.18529069761574762 0.071704433683070459 -0.090052391232753701 -0.11633750077925407 0.029710651786665723 0.059759250680082435 0.10989205048656364 -0.14636448768626253 0.12484551145253445 0.0071760756281254324 -0.14330776474865586 0.0044889217401654323 0.12221659241460003 -0.14749509530540583 0.1014135770407654 -0.14221464739557912 0.13335157934057004 -0.021504205086706009 0.045698453947837843 0.096028577367945372 0.074563140279434809
leaf_weight=3.0862639024853697 2.4581254515796926 109.64964905008674 48.078532967716455 16.064079978503287 7.5175794661045101 2.0634341090917614 9.7500614710152131 14.266887787496673 69.671088699251413 3.9425820261240032 8.3043146673589927 4.4186979290097943 120.12989424774423 155.17307007592171 104.08256177604198 12.000361060723661 4.3536539692431671 3.9362201169133213 11.683204255998133 3.4155780337750903 5.6002904400229454 5.8400975540280324 4.3269092850387096 104.35505716595799 5.2756629288196581 8.6586252823472041 7.5664884112775317 4.144224064424634 4.7383778905496001 16.220512492582202
leaf_count=49 53 2378 154 127 130 33 243 468 2300 15 139 128 3951 942 537 50 31 28 72 19 32 28 21 377 36 29 25 16 50 146
internal_value=-3.30964e-11 -0.0670771 0.0532606 -0.0261866 -0.0348014 0.00307062 -0.0537359 -0.0974051 -0.0789934 -0.0243389 0.0556875 0.0155263 -0.112438 0.0371078 0.0410258 0.0300177 0.0242129 -0.0141543 0.00450644 -0.0268657 -0.0614913 0.0792348 0.00743178 0.0833343 0.0577432 0.0168079 0.0611355 -0.0595434 0.0367205 0.0426801
internal_weight=880.772 389.823 490.949 166.004 149.94 40.29 16.5519 223.82 100.604 30.9325 16.6656 12.723 123.216 302.703 281.21 177.127 165.127 21.4931 19.035 15.0988 9.95394 188.246 10.167 178.079 73.7235 25.645 16.2251 9.41989 6.80181 23.7381
internal_count=12607 10157 2450 3107 2980 602 326 7050 3050 750 282 267 4000 1764 1592 1055 1005 172 119 91 63 686 49 637 260 106 54 52 83 276
is_linear=0
shrinkage=0.1


Tree=7
num_leaves=31
num_cat=0
split_feature=1 1 1 2 5 3 1 4 0 0 5 1 0 4 1 0 4 0 4 5 0 1 2 0 3 1 0 3 3 4
split_gain=253.973 35.7974 18.0985 10.1046 5.61514 6.28982 5.16407 5.07105 5.0538 15.4036 4.78433 4.77962 5.38345 6.86256 6.78023 6.99453 6.02346 5.74157 5.13208 5.09871 6.34401 9.89251 10.5527 15.1161 7.97782 6.34113 4.78797 4.64977 4.64511 4.6641
threshold=0.73796082000000007 0.81976318500000012 0.7136193500000001 19.865942500000006 0.56880665000000008 0.65439200000000008 0.84688436500000008 16.789983000000003 5.196940800000001 5.4509260500000005 0.53259170000000011 0.77915085000000006 171.36986500000003 7.8379090000000007 0.77092373000000014 65.601050000000015 2.2745103500000003 308.87890000000004 12.047476500000002 0.73138475000000003 33.608506000000006 0.78625810000000007 57.792071500000013 109.13689050000001 0.74258112500000006 0.81155824500000018 109.13689050000001 0.79784428000000018 0.8133050300000001 17.567346500000003
decision_type=2 2 2 2 2 2 2 2 2 2 2 2 2 2 2 2 2 2 2 2 2 2 2 2 2 2 2 2 2 2
left_child=2 3 8 -2 -4 -6 -3 11 -1 -10 -11 12 13 16 15 -15 -5 -14 -16 20 -13 -22 23 -23 -25 -21 -17 -12 29 -9
right_child=1 6 4 7 5 -7 -8 28 9 10 27 19 17 14 18 26 -18 -19 -20 25 21 22 -24 24 -26 -27 -28 -29 -30 -31
leaf_value=-0.12409549694860106 -0.0095305964015529043 0.047915296386116517 0.10953332457156523 -0.088326281645840957 0.039514411654547499 -0.052223568565044759 0.079285143791803736 0.12957017288137654 0.098220788130082712 0.041524101271691573 -0.0951835947039779 0.095628723368952256 0.10342392036795961 0.034284897054316234 -0.18996252788028198 -0.16603351186391851 0.052965842243466024 -0.077345702258347193 -0.042960207337440284 0.093693165042417231 0.085318801996337248 -0.080355856709244666 -0.16508187477384709 -0.056657672488406446 0.093461109504848039 3.1534600217685897e-05 -0.016157352921212571 0.081862662988120671 0.14883229882724033 0.020697683964939245
leaf_weight=43.524672427214682 96.545746767893434 77.401002968661487 2.5309288129210463 3.5549928266555098 8.4202296473085863 66.490646342281252 162.96386626362801 5.276753466576344 4.4322402998805037 2.6772230900824061 145.00515187019482 9.2880566343665105 8.7606979506090266 13.941104765981438 4.3674912601709348 3.7088378015905601 19.946471443399787 2.197826978750526 5.2054623104631901 26.004641207866371 11.806048192083834 13.745612513273953 4.4036392644047728 4.6774536967277554 14.558734636753796 10.011193390935658 5.0118925869464874 1.4987298063933838 5.9163347259163848 15.473491199314592
leaf_count=1456 1191 343 8 51 125 1700 686 29 34 42 5500 44 90 164 41 64 277 42 31 141 62 80 34 27 81 42 59 18 27 118
internal_value=-5.07403e-11 0.0407734 -0.0779248 0.0167624 -0.0369624 -0.0419119 0.0691836 0.0302752 -0.094016 -0.0854933 -0.0909515 0.0235925 0.0030957 -0.009502 -0.0394632 -0.00965504 0.031593 0.067169 -0.110027 0.0380592 0.0198299 0.00551799 -0.0196825 -0.000269197 0.0569584 0.0676584 -0.0798982 -0.0933724 0.0706696 0.0483838
internal_weight=799.347 524.767 274.58 284.402 77.4418 74.9109 240.365 187.857 197.138 153.613 149.181 161.19 66.6948 55.7363 32.2348 22.6618 23.5015 10.9585 9.57295 94.4954 58.4795 49.1915 37.3854 32.9818 19.2362 36.0158 8.72073 146.504 26.6666 20.7502
internal_count=12607 3724 8883 2695 1833 1825 1029 1504 7050 5594 5560 1330 819 687 359 287 328 132 72 511 328 284 222 188 108 183 123 5518 174 147
is_linear=0
shrinkage=0.1


Tree=8
num_leaves=31
num_cat=0
split_feature=1 1 1 2 4 1 1 5 4 3 5 2 0 1 3 2 0 1 0 0 3 1 5 0 1 2 1 2 4 0
split_gain=206.066 27.005 14.7096 8.21143 6.2553 7.09492 6.4612 6.2934 5.13599 6.86328 6.58782 5.77508 5.70445 5.13437 5.04389 6.72309 4.82408 4.79808 4.78908 10.8758 4.76836 4.63627 6.0942 5.7645 5.88301 4.46402 4.24434 5.72567 6.85353 4.55189
threshold=0.73796082000000007 0.80684328000000016 0.7146924750000001 19.865942500000006 13.035500000000001 0.88403462500000007 0.86690782000000011 0.75347875000000009 5.105195000000001 0.76831890000000003 0.56880665000000008 47.134556000000011 10.911564000000002 0.96713685000000005 0.69528460000000014 11.450531000000003 3.1879730000000004 0.72740435500000011 5.196940800000001 5.4509260500000005 0.75502600000000009 0.80253017500000012 0.73138475000000003 23.563116500000003 0.75770785000000007 0.13742378500000002 0.84688436500000008 36.579848000000005 5.5742563000000009 130.86107000000001
decision_type=2 2 2 2 2 2 2 2 2 2 2 2 2 2 2 2 2 2 2 2 2 2 2 2 2 2 2 2 2 2
left_child=2 3 18 21 5 6 26 -8 9 11 -10 25 16 -6 15 -14 -12 -17 -1 -20 -16 22 -2 24 -24 -4 27 28 -3 -28
right_child=1 4 8 -5 13 -7 7 -9 10 -11 12 -13 14 -15 20 17 -18 -19 19 -21 -22 -23 23 -25 -26 -27 29 -29 -30 -31
leaf_value=-0.12094697606805259 -0.031758449149127906 -0.020319822347664315 0.098316457650917344 0.026091643678980599 0.077024811280930638 0.092024612149172777 -0.11871989038163062 0.024164686617731745 0.15370728669796924 0.066387815463189087 -0.052300872796800749 0.057002723093584166 -0.14001333673347766 -0.023559542371715939 -0.12454916335497788 -0.027948463083941461 0.07807797834019152 0.11555560966104959 0.080275525232415393 -0.085738662033589846 -0.017671774963584099 -0.11523498513612096 0.042091455245241188 0.055191541451402482 -0.12532906371470753 -0.11794886536431502 0.12564384933494394 -0.0165591954899315 0.066903682286196184 0.033590042356535801
leaf_weight=38.005185338202864 44.735107190907001 11.705584336072205 1.0040169321000671 138.37013100832701 136.75582233211026 23.896655201911926 5.2770415805280191 7.4127164594829082 2.2094313502311698 3.2022573873400679 4.3389188796281806 2.3917063726112238 2.589755583554509 5.270468294620513 10.464988957159223 4.7722151670604926 8.2035545930266363 4.5525937443599105 4.0640706717967978 135.98700273432769 6.9445965746417633 4.3119320459663859 4.1312641920521873 20.80865812767297 4.2663194388151169 19.332221387885511 10.780488189309837 19.82546669896692 39.09565246431157 10.706383712589739
leaf_count=1474 834 73 5 1351 588 106 31 38 5 46 89 36 102 35 407 85 121 54 34 5642 135 32 42 138 53 648 43 98 197 65
internal_value=-1.27051e-10 0.0377657 -0.0741955 0.0114501 0.0588224 0.0428542 0.0316427 -0.0352539 -0.0353599 -0.0706735 -0.0145847 -0.0899847 -0.0234659 0.0732922 -0.0476068 0.00252643 0.032975 0.0421136 -0.0894645 -0.0809212 -0.0819163 -0.0144396 -0.00856163 0.0269689 -0.0429651 -0.107272 0.0408585 0.0290187 0.0468057 0.0797757
internal_weight=735.412 487.35 248.063 216.623 270.726 128.7 104.803 12.6898 70.0063 25.9302 44.0761 22.7279 41.8666 142.026 29.3242 11.9146 12.5425 9.32481 178.056 140.051 17.4096 78.2533 73.9413 29.2062 8.39758 20.3362 92.1136 70.6267 50.8012 21.4869
internal_count=12607 3724 8883 2450 1274 651 545 69 1733 735 998 689 993 623 783 241 210 139 7150 5676 542 1099 1067 233 95 653 476 368 270 108
is_linear=0
shrinkage=0.1


Tree=9
num_leaves=31
num_cat=0
split_feature=1 1 1 1 2 0 5 3 4 4 0 0 5 0 1 2 1 4 4 3 3 0 0 1 2 5 5 0 0 0
split_gain=168.211 21.9844 11.1808 8.98184 5.39419 5.12084 5.10311 4.77455 6.22928 4.9697 4.53918 7.29365 3.94401 3.90252 4.30599 5.32213 6.98339 4.26013 3.82201 5.27036 4.47768 3.78358 4.56771 4.45486 3.77369 3.49813 3.27577 5.47731 6.56278 3.9167
threshold=0.73622475000000009 0.84688436500000008 0.71726252000000013 0.76908027500000009 13.0668655 375.08650000000006 0.70821025000000015 0.7248060850000001 7.5079890000000011 12.770911000000002 5.196940800000001 5.4509260500000005 0.53259170000000011 278.98278500000009 0.93753897000000019 20.891361500000006 0.8708992000000001 14.752836 14.968032500000001 0.71573545000000005 0.78937663000000013 4.8210050000000004 15.682477 0.78402840000000007 5.7844560000000014 0.65319075000000015 0.72156548500000006 43.116853500000012 57.706422500000009 85.412623000000011
decision_type=2 2 2 2 2 2 2 2 2 2 2 2 2 2 2 2 2 2 2 2 2 2 2 2 2 2 2 2 2 2
left_child=2 3 10 4 -2 21 -4 9 -9 26 -1 -12 -13 14 15 16 -3 -16 19 -7 -21 -5 23 -23 -14 -24 27 -6 -29 -30
right_child=1 13 6 5 7 18 -8 8 -10 -11 11 12 24 -15 17 -17 -18 -19 -20 20 -22 22 25 -25 -26 -27 -28 28 29 -31
leaf_value=-0.11646025985715291 -0.051824769325041257 -0.026738319674819357 -0.049328738937172406 -0.07006447917169166 -0.070541908268851525 0.14406226186199711 0.023660947845860425 -0.068559536788016073 0.012919815093400872 -0.070555354563197434 0.059747499580537038 0.045489016055984655 -0.13481504139239919 0.040695899217540007 0.082325804829122606 0.097301160285013011 0.094209670044421656 -0.061696146379683098 0.14769909075214546 -0.055513859537369731 0.085501794492522029 -0.02131466035692238 0.069241508192653997 0.11122912863209876 -0.076911944747293737 0.019954795574589148 0.13120978901398048 0.16001881329996734 -0.0746473612153849 0.055981774085587833
leaf_weight=35.502128671621904 20.39385153632611 8.9215513356030005 40.073715732432902 4.0130132092162958 3.8509159162640669 4.1384346559643772 12.587650686036794 14.290947603061793 27.321599625982344 3.6811602544039479 3.8336133062839499 2.4468600600957862 12.507233194075523 37.894268690608442 4.0412836372852308 71.380535483360291 10.268394399434326 4.1762757860124111 5.8265279717743388 5.0037779174745065 4.0941412001848221 3.2604180350899687 15.657480822876094 11.409873595926909 112.45869158068672 179.37081134459004 4.4950539059936991 4.8310936037451055 3.1095257624983779 8.7657645139843208
leaf_count=1501 471 52 1220 47 115 13 215 317 355 59 36 42 614 194 26 348 48 18 33 44 23 31 116 66 5157 1195 32 40 53 126
internal_value=-1.3351e-10 0.0343522 -0.0720513 0.0201454 -0.00654186 0.0305486 -0.031882 0.006586 -0.0150625 0.0379379 -0.0847373 -0.0761562 -0.0802453 0.0679783 0.0784436 0.0847323 0.03798 0.00913188 0.0802105 0.0505026 0.00794439 0.0261189 0.0279595 0.0817718 -0.0827072 0.0239117 0.0538798 0.0369708 0.0617531 0.0217767
internal_weight=679.607 460.197 219.41 323.514 90.7399 232.774 52.6614 70.3461 41.6125 28.7335 166.749 131.246 127.413 136.682 98.788 90.5705 19.1899 8.21756 19.0629 13.2364 9.09792 213.712 209.699 14.6703 124.966 195.028 25.0524 20.5573 16.7064 11.8753
internal_count=12607 3822 8785 3136 1568 1568 1435 1097 672 425 7350 5849 5813 686 492 448 100 44 113 80 67 1455 1408 97 5771 1311 366 334 219 179
is_linear=0
shrinkage=0.1


Tree=10
num_leaves=31
num_cat=0
split_feature=1 1 1 1 0 1 1 0 0 1 2 3 4 2 4 3 3 0 0 3 4 4 3 2 0 2 2 1 3 4
split_gain=133.69 19.2138 10.5835 6.56277 6.49523 7.11388 9.4311 7.992 5.88602 6.89323 8.28503 5.80158 5.52084 5.32599 5.03257 4.90535 4.79591 4.71287 4.05646 4.27887 3.95993 7.43141 5.57563 5.18135 4.59122 3.83586 6.32485 5.21607 3.90265 3.74252
threshold=0.73622475000000009 0.85124410000000006 0.68054413000000002 0.76908027500000009 24.687126000000003 0.65999938000000014 0.65530970000000011 25.021401500000003 38.068525500000007 0.72286667000000004 36.20553850000001 0.67538737000000004 3.7948780500000003 13.0668655 17.291171500000001 0.67354130000000012 0.69900047500000018 278.98278500000009 132.93759500000002 0.8304123750000002 7.8379090000000007 6.2224692000000008 0.79600920000000019 13.0668655 418.71330500000005 13.313355500000002 16.117495000000002 0.84135950000000015 0.7433173500000001 16.789983000000003
decision_type=2 2 2 2 2 2 2 2 2 2 2 2 2 2 2 2 2 2 2 2 2 2 2 2 2 2 2 2 2 2
left_child=2 3 4 13 -1 6 7 -6 11 -10 -11 15 -8 -2 20 -4 -13 -15 19 -16 21 23 -23 -5 25 -22 28 29 -27 -28
right_child=1 -3 8 14 5 -7 12 -9 9 10 -12 16 -14 17 18 -17 -18 -19 -20 -21 24 22 -24 -25 -26 26 27 -29 -30 -31
leaf_value=-0.12024903807122973 -0.052709840968787239 0.06625759893355633 -0.0056365701419409282 -0.052854203732107211 0.16759233072415033 -0.11525443476185229 -0.12650963396575979 -0.092188277210510552 -0.10725764208517902 -0.08223445158752879 0.06090982547041969 -0.10301953117573155 0.13822311865961867 0.012398101299981295 0.0067530460026255018 0.14809073065107306 -0.032530742466682132 -0.14689184744623257 0.099121929816005094 0.14411186898009315 0.048023369877797713 0.053030354657737012 0.15272611951744788 0.032667404339618643 0.082430025963050282 -0.011310052960325868 0.008014055687219513 -0.072282333881095312 -0.17199793128940646 0.12385161792628228
leaf_weight=46.416194950928912 18.385053472593427 114.91134609933943 21.231664291350175 9.2638096492737514 1.3138258587569023 14.309489725506863 0.96024532243609328 12.007282502483575 28.614906525472179 10.467931076884271 6.5881718313321462 13.01750761666335 4.3852967992424965 66.293054692447186 14.027071450836958 2.3006370477378359 37.337789127486758 1.9109551417641331 16.237167585641146 2.7052324756514272 18.477951273322105 21.264517389703546 7.6198911061510435 30.109467098489404 8.4238338600844127 2.7350820228457442 85.60408196086064 8.0515043176710588 3.3784051984548569 2.8830393478274337
leaf_count=2372 471 637 657 110 9 835 54 641 1673 396 109 528 89 1040 113 37 1385 57 84 14 134 154 31 236 53 25 579 40 25 19
internal_value=-1.03112e-10 0.0312208 -0.0678367 0.0185349 -0.0961404 -0.0622058 -0.0215397 -0.0665668 -0.0490417 -0.0772636 -0.0269429 -0.0315974 0.0906679 -0.00494137 0.0273432 0.00939259 -0.050753 0.00793508 0.0635145 0.0289608 0.0213145 0.040807 0.0793307 0.0125457 0.0110445 0.00608011 -0.00146991 0.00477657 -0.100109 0.0117882
internal_weight=631.232 432.281 198.951 317.37 79.3923 32.9761 18.6667 13.3211 119.559 45.671 17.0561 73.8876 5.34554 86.5891 230.781 23.5323 50.3553 68.204 32.9695 16.7323 197.812 68.2577 28.8844 39.3733 129.554 121.13 102.652 96.5386 6.11349 88.4871
internal_count=12607 3822 8785 3185 4000 1628 793 650 4785 2178 505 2607 143 1568 1617 694 1913 1097 211 127 1406 531 185 346 875 822 688 638 50 598
is_linear=0
shrinkage=0.1


Tree=11
num_leaves=31
num_cat=0
split_feature=1 1 1 1 0 3 3 0 1 4 4 0 3 4 5 1 4 0 0 1 1 0 5 3 0 1 3 3 4 5
split_gain=106.108 15.3391 8.29475 5.8112 5.64563 7.86601 5.75533 5.64081 7.41783 6.16634 7.08852 4.84589 4.82188 6.03876 4.45835 4.09433 4.03 3.94192 4.75099 3.87106 4.85388 6.15724 4.9561 5.03942 4.28221 3.79868 3.78046 3.76995 6.8906 5.22607
threshold=0.73622475000000009 0.84688436500000008 0.68054413000000002 0.76908027500000009 278.98278500000009 0.66668855000000005 0.83548652500000009 24.687126000000003 0.60600673500000013 8.6889840000000031 8.7595970000000012 278.98278500000009 0.84747732000000009 13.727230500000003 0.69048845500000011 0.62716853000000017 1.7774852000000003 10.911564000000002 2.5732932000000006 0.68148340000000018 0.7136193500000001 18.686946000000002 0.57637000000000016 0.69589520000000016 27.156946000000001 0.89113582000000013 0.79784428000000018 0.67538737000000004 3.4489503000000004 0.63687075000000004
decision_type=2 2 2 2 2 2 2 2 2 2 2 2 2 2 2 2 2 2 2 2 2 2 2 2 2 2 2 2 2 2
left_child=2 3 7 16 5 -5 -6 -1 -9 -10 -11 -3 13 25 15 -12 -2 18 -4 24 26 -22 -23 -24 -19 -13 -21 -20 -29 -30
right_child=1 11 17 4 6 -7 -8 8 9 10 14 12 -14 -15 -16 -17 -18 19 27 20 21 22 23 -25 -26 -27 -28 28 29 -31
leaf_value=-0.11622625308444855 -0.092896858994064926 0.072591379910464146 -0.084542482609890335 -0.10884700818565898 0.085827498339588637 0.021956271747669388 -0.040359744537896439 0.1505871820465231 -0.10112727182101744 0.18977918152979883 0.10901260352106257 -0.066301725724695476 -0.010509156704330636 0.11597610922012896 0.16533993524594903 -0.11952553980128183 -0.0006106334021598438 0.21253611257566274 0.056863072273650797 -0.095782077926000242 -0.14433949430001078 0.11687586003797042 0.013793588598802585 -0.066504280250749004 -0.11942336261307947 0.081361085043584691 0.087730999415975383 -0.14316038341720863 -0.13090419499279959 0.034906037283716905
leaf_weight=39.234487602254376 5.034870356321334 80.705232642591 8.4513501384062675 4.7205906715244046 23.856881210580472 176.24560239957646 4.2598028806969515 1.612602225504818 18.937976378249008 1.6320432387292374 0.95463969744741906 4.1792986281216171 16.797384423203766 9.8219609670340997 0.87110650911927212 4.3832371616736054 78.62400370137766 1.0580866094678629 8.4096776698716003 34.752202491043136 4.881834768690168 2.3170742876827708 12.999638765119014 19.599764413200319 0.61415000446140755 2.9875493496656418 1.1600345447659481 3.8331322842277613 2.2670921833487219 11.767369012348352
leaf_count=2372 131 492 383 63 157 1327 21 29 1232 7 19 39 90 51 6 335 1437 20 209 2163 161 12 365 832 50 14 15 163 86 326
internal_value=-5.33752e-10 0.0282464 -0.0639981 0.0161091 0.0250213 0.0185442 0.0667096 -0.091658 -0.057707 -0.0702502 0.00432539 0.0592801 0.0274835 0.065048 -0.0444215 -0.0786532 -0.00616473 -0.0473135 -0.0193233 -0.0598753 -0.0631993 -0.0391471 -0.0244397 -0.034484 0.0906198 -0.00474748 -0.0898543 0.00165267 -0.024333 0.00812146
internal_weight=586.971 407.233 179.737 292.742 209.083 180.966 28.1167 67.6261 28.3916 26.779 7.84103 114.491 33.7862 16.9888 6.20898 5.33788 83.6589 112.111 34.7286 77.3828 75.7105 39.7983 34.9165 32.5994 1.67224 7.16685 35.9122 26.2773 17.8676 14.0345
internal_count=12607 3822 8785 3136 1568 1390 178 4000 1628 1599 367 686 194 104 360 354 1568 4785 1167 3618 3548 1370 1209 1197 70 53 2178 784 575 412
is_linear=0
shrinkage=0.1


Tree=12
num_leaves=31
num_cat=0
split_feature=1 1 1 0 4 2 4 2 3 4 3 1 0 1 1 0 3 4 3 4 2 0 1 0 0 2 3 2 4 3
split_gain=86.471 13.1637 9.21385 6.59976 5.81669 5.42395 5.19392 5.73948 5.17503 5.00572 4.97273 4.96767 4.15019 4.12633 3.97073 3.83362 3.94266 5.09257 3.881 3.69408 5.59015 3.682 5.18378 3.65679 3.63123 4.34949 6.80953 6.16821 5.5238 7.63247
threshold=0.73404073500000011 0.84688436500000008 0.68054413000000002 41.329340000000009 6.2224692000000008 47.134556000000011 7.8379090000000007 82.528965000000014 0.79600920000000019 5.8428886000000011 0.67538737000000004 0.68148340000000018 33.180002500000008 0.72053967500000005 0.6833268400000001 37.515667500000013 0.69027580000000011 2.0796114000000006 0.82193112000000002 16.522508500000004 70.772025000000014 24.687126000000003 0.60600673500000013 175.63170500000004 163.38132500000003 29.554486500000003 0.8109462300000001 49.238050000000008 25.251259500000003 0.86356103500000014
decision_type=2 2 2 2 2 2 2 2 2 2 2 2 2 2 2 2 2 2 2 2 2 2 2 2 2 2 2 2 2 2
left_child=2 4 21 10 9 14 8 19 -6 12 11 -4 -2 -7 -5 -14 -17 -18 -19 20 23 -1 -23 -8 -3 26 -26 -27 29 -29
right_child=1 24 3 5 6 13 7 -9 -10 -11 -12 -13 15 -15 -16 16 17 18 -20 -21 -22 22 -24 -25 25 27 -28 28 -30 -31
leaf_value=-0.1155209175883487 -0.051855237116423404 0.075796874449969215 0.15390017284043772 0.041498320077978518 0.038342631565636755 -0.12006676328822913 -0.00092772287885904779 0.095040821425266986 0.13588927614457369 -0.10977814918541301 -0.045879096842249806 -0.0035011177053564158 0.11723713624908741 0.072553489370449115 -0.11000913584537285 0.06681475712931495 -0.10713013721378613 -0.004437262049611878 0.16613262321549449 0.039857347285756239 -0.12005673930679331 0.13194257536131085 -0.075424076306097459 0.040807756559234409 0.033533330330683279 0.098202673965999729 -0.12519289075555615 0.047837292785989749 0.11381792730624672 -0.073869135777469425
leaf_weight=34.19562479632441 14.13040188141167 47.370446752756834 2.2254361007362631 1.8585329791530991 28.651589608751237 1.618322153459302 110.28936215396971 8.5454515791498107 6.7128307502716771 4.8603529576212159 43.344320064061321 20.25194728653878 3.1102562695741645 3.5556525820866227 24.978342065354809 7.8005550783127537 4.8318171575665465 29.853697024285797 1.3963386565446843 35.63095152657479 3.5521740093827239 1.2730097342282558 22.733332342235371 25.929382313974202 9.4465249665081483 18.254776477813721 3.7861177884042254 13.244430406019097 5.3651458183303466 8.4339674282819015
leaf_count=2372 308 311 28 106 336 136 1148 49 44 95 1950 678 37 54 1686 108 110 454 7 319 33 29 1599 235 65 113 28 92 24 53
internal_value=-1.38916e-10 0.0251051 -0.0629415 -0.0441986 0.0139289 -0.0814427 0.021761 0.0150133 0.0568588 -0.0121029 -0.0260857 0.0120828 -0.00433601 0.0123055 -0.0995168 0.00995273 0.00234872 -0.0115882 0.00318428 0.0111144 0.00378719 -0.0944467 -0.0644278 0.00701667 0.0552136 0.038555 -0.0118813 0.0532886 0.022971 0.000487481
internal_weight=547.231 391.197 156.035 97.8326 285.295 32.0108 219.312 183.947 35.3644 65.9834 65.8217 22.4774 61.1231 5.17397 26.8369 46.9927 43.8824 36.0819 31.25 175.402 139.771 58.202 24.0063 136.219 105.901 58.531 13.2326 45.2983 27.0435 21.6784
internal_count=12607 3969 8638 4638 3283 1982 2164 1784 380 1119 2656 706 1024 190 1792 716 679 571 461 1735 1416 4000 1628 1383 686 375 93 282 169 145
is_linear=0
shrinkage=0.1


Tree=13
num_leaves=31
num_cat=0
split_feature=1 1 4 2 1 2 2 4 3 5 3 1 0 0 0 5 0 1 0 2 0 3 5 4 5 5 4 2 2 0
split_gain=68.8378 16.464 7.39481 4.87614 4.89864 4.67456 3.66891 3.72239 4.88158 4.1969 6.13606 3.4695 5.42555 3.9475 5.07227 3.87077 3.98655 3.99539 3.27729 3.1853 3.16914 3.11337 3.90468 3.04131 3.91067 3.32625 3.62178 3.02876 4.54372 4.86497
threshold=0.71726252000000013 0.84688436500000008 6.2224692000000008 31.150099500000003 0.75032295000000004 28.158792500000001 82.528965000000014 7.8966175000000005 0.79600920000000019 0.68151320000000004 0.7707499200000002 0.68054413000000002 41.329340000000009 24.687126000000003 25.021401500000003 0.64099765000000009 5.196940800000001 0.68148340000000018 14.769860000000003 13.0668655 308.87890000000004 0.7248060850000001 0.76452280000000006 1.7774852000000003 0.69128595000000015 0.64152682500000013 4.6960136500000003 12.642814500000002 11.450531000000003 6.0607568000000009
decision_type=2 2 2 2 2 2 2 2 2 2 2 2 2 2 2 2 2 2 2 2 2 2 2 2 2 2 2 2 2 2
left_child=11 2 3 4 -2 19 7 8 21 10 -9 13 15 -1 -15 16 -13 -18 -17 -6 -11 -4 -23 -5 25 -25 -27 28 29 -19
right_child=1 -3 6 23 5 -7 -8 9 -10 20 -12 12 -14 14 -16 18 17 27 -20 -21 -22 22 -24 24 -26 26 -28 -29 -30 -31
leaf_value=-0.11421151286824915 -0.069977028944785011 0.055149645982375955 0.060797724099357686 -0.11699630663457583 -0.035429211781331738 -0.12517793284487658 0.08132915886666231 -0.055119330803642945 0.12281819317805648 0.010168705756090817 0.06194525850927747 -0.10977122337157424 -0.10744721485593306 0.13120288908669361 -0.070446040045940184 -0.037144842182233268 0.14720561287005782 0.11450256891963125 -0.12261020015166027 0.030977846479520746 0.064577733880088181 -0.016459478984784361 0.12178640187711716 -0.019593686063352059 -0.043452288837983057 0.10973666911230234 -0.047832961014331821 -0.046213493340781953 0.14914217659797971 -0.094628445629235391
leaf_weight=29.678079937933944 23.166458349209279 95.072095533832908 15.054574610199777 1.4937052074819828 12.631712700240316 3.1738728247582904 8.4189618201926333 20.235305884853009 6.2432690709829322 145.75572675932199 5.7498036082833996 3.0738563959021148 14.164032127242534 1.3286338504403854 20.405680077732541 12.846074812929148 1.9875338487327123 1.7896722517907599 6.8950059120543292 16.869243361055851 11.553931677713988 17.008970652706925 2.321965664625167 4.1756445076316622 5.2713857535272828 9.3454854553565365 1.7285445369780053 7.9606483429670334 2.5975615633651614 2.939167182892561
leaf_count=2372 945 686 239 50 216 34 58 512 47 1472 73 161 1381 22 1606 708 23 6 512 250 99 245 14 87 85 94 51 367 30 162
internal_value=-3.01555e-10 0.0187424 0.00758401 -0.0190884 -0.0348018 -0.00986257 0.0165217 0.0140851 0.0414705 0.00801491 -0.0292161 -0.0718845 -0.054245 -0.0904987 -0.0581191 -0.0354481 -0.00484238 0.0138288 -0.0669955 0.00254369 0.0141649 0.0267005 0.000146141 0.0207694 0.0307972 0.0564632 0.0851416 -0.00351213 0.0428859 -0.0154809
internal_weight=510.937 405.271 310.199 77.8561 55.8413 32.6748 232.343 223.924 40.6288 183.295 25.9851 105.666 54.2536 51.4124 21.7343 40.0895 20.3484 17.2746 19.7411 29.501 157.31 34.3855 19.3309 22.0148 20.5211 15.2497 11.074 15.287 7.3264 4.72884
internal_count=12607 5257 4571 1812 1445 500 2759 2701 545 2156 585 7350 3350 4000 1628 1969 749 588 1220 466 1571 498 259 367 317 232 145 565 198 168
is_linear=0
shrinkage=0.1


Tree=14
num_leaves=31
num_cat=0
split_feature=1 1 1 5 1 2 4 0 1 3 1 0 3 3 1 2 3 2 2 1 3 4 5 0 4 2 0 1 0 3
split_gain=55.0409 9.54194 8.09694 4.15369 3.48027 7.78571 3.35929 4.08607 4.46945 3.79409 3.74156 3.35496 6.10064 4.65407 4.35975 4.87739 4.03172 3.24748 3.18848 3.12094 5.4202 5.67642 5.09494 6.21281 5.31772 5.25853 3.95805 4.19239 3.27142 4.95741
threshold=0.73796082000000007 0.84688436500000008 0.68054413000000002 0.53259170000000011 0.96713685000000005 48.73773400000001 13.727230500000003 153.16962000000004 0.89113582000000013 0.77224825000000008 0.86340917500000003 38.068525500000007 0.67538737000000004 0.69124757500000011 0.72286667000000004 36.20553850000001 0.67354130000000012 82.528965000000014 73.636680000000013 0.76908027500000009 0.7248060850000001 7.4267187500000009 0.75146341500000013 43.116853500000012 12.770911000000002 40.090239000000004 5.0240570000000009 0.74326707000000003 278.98278500000009 0.66668855000000005
decision_type=2 2 2 2 2 2 2 2 2 2 2 2 2 2 2 2 2 2 2 2 2 2 2 2 2 2 2 2 2 2
left_child=2 17 3 -1 6 -6 7 -3 9 -9 -11 12 16 -14 -13 -16 -4 18 19 20 22 -22 23 25 -25 -2 -23 -28 29 -21
right_child=1 4 11 -5 5 -7 -8 8 -10 10 -12 14 13 -15 15 -17 -18 -19 -20 28 21 26 -24 24 -26 -27 27 -29 -30 -31
leaf_value=0.049992699149696618 -0.079226024944609272 0.067627694076253686 0.0048195749239964142 -0.094059806164785736 0.099159560990217138 -0.14645689397156256 0.071767125178886837 0.081423191780407869 0.08187951128101513 0.013961134452965549 -0.097472014491813308 -0.096221776446101706 -0.1233357642074418 -0.030326286805463065 -0.069219995521391534 0.044759706372617773 0.13864871098718032 0.071631998993404292 -0.078794324011630348 -0.098324607850348592 -0.089858227746042907 0.14406546068482742 0.13415545054535946 0.056087971988362108 -0.13627644626346699 0.14305121712688779 -0.15330209774512132 -0.0017343905502115132 0.057871061406696948 0.016129724319901822
leaf_weight=2.0977256083860985 9.394079143181445 17.107100201770663 18.77374316635542 43.713659069384448 2.45017778687179 2.7269165329635143 47.828790585743263 2.6804672591388252 5.1126770190894595 5.260875325649975 7.0524859298020601 17.40387037047185 6.4345694278599685 32.824892167584039 9.3494079206138831 6.2735100034624329 2.5577592421323052 8.6859217947348935 4.0306141879409543 3.8812999576330176 12.272382508963345 1.6503717005252863 3.5621488131582728 18.182430647313598 1.5603910237550724 1.2003194987773884 2.0296941772103336 18.090235461480916 18.392695108428597 151.49111647438258
leaf_count=49 262 136 664 3951 28 21 343 19 36 46 57 1673 358 1598 431 121 38 54 40 63 382 24 28 347 45 12 41 307 150 1283
internal_value=-1.94894e-10 0.0214476 -0.0530146 -0.0874636 0.0493899 -0.0302133 0.0542359 0.0317039 0.00113911 -0.0263922 -0.0498623 -0.0361572 -0.0221808 -0.0455704 -0.0617982 -0.0234505 0.0208664 0.0115392 0.00941515 0.0108861 -0.00728622 -0.0354715 0.0210182 0.00773382 0.0408843 -0.0540426 -0.00481254 -0.0170245 0.0179915 0.0132706
internal_weight=484.072 344.643 139.429 45.8114 90.2195 5.17709 85.0424 37.2136 20.1065 14.9938 12.3134 93.6178 60.591 39.2595 33.0268 15.6229 21.3315 254.424 245.738 241.707 67.9421 34.0427 33.8994 30.3372 19.7428 10.5944 21.7703 20.1199 173.765 155.372
internal_count=12607 3724 8883 4000 686 49 637 294 158 122 103 4883 2658 1956 2225 552 702 3038 2984 2944 1448 754 694 666 392 274 372 348 1496 1346
is_linear=0
shrinkage=0.1


end of trees

feature_importances:
Column_1=116
Column_0=101
Column_3=63
Column_2=59
Column_4=57
Column_5=54

parameters:
[boosting: gbdt]
[objective: lambdarank]
[metric: ndcg]
[tree_learner: serial]
[device_type: cpu]
[data_sample_strategy: bagging]
[data: ]
[valid: ]
[num_iterations: 100]
[learning_rate: 0.1]
[num_leaves: 31]
[num_threads: 0]
[seed: 0]
[deterministic: 0]
[force_col_wise: 0]
[force_row_wise: 0]
[histogram_pool_size: -1]
[max_depth: -1]
[min_data_in_leaf: 20]
[min_sum_hessian_in_leaf: 0.001]
[bagging_fraction: 1]
[pos_bagging_fraction: 1]
[neg_bagging_fraction: 1]
[bagging_freq: 0]
[bagging_seed: 3]
[bagging_by_query: 0]
[feature_fraction: 1]
[feature_fraction_bynode: 1]
[feature_fraction_seed: 2]
[extra_trees: 0]
[extra_seed: 6]
[early_stopping_round: 0]
[early_stopping_min_delta: 0]
[first_metric_only: 0]
[max_delta_step: 0]
[lambda_l1: 0]
[lambda_l2: 0]
[linear_lambda: 0]
[min_gain_to_split: 0]
[drop_rate: 0.1]
[max_drop: 50]
[skip_drop: 0.5]
[xgboost_dart_mode: 0]
[uniform_drop: 0]
[drop_seed: 4]
[top_rate: 0.2]
[other_rate: 0.1]
[min_data_per_group: 100]
[max_cat_threshold: 32]
[cat_l2: 10]
[cat_smooth: 10]
[max_cat_to_onehot: 4]
[top_k: 20]
[monotone_constraints: ]
[monotone_constraints_method: basic]
[monotone_penalty: 0]
[feature_contri: ]
[forcedsplits_filename: ]
[refit_decay_rate: 0.9]
[cegb_tradeoff: 1]
[cegb_penalty_split: 0]
[cegb_penalty_feature_lazy: ]
[cegb_penalty_feature_coupled: ]
[path_smooth: 0]
[interaction_constraints: ]
[verbosity: -1]
[saved_feature_importance_type: 0]
[use_quantized_grad: 0]
[num_grad_quant_bins: 4]
[quant_train_renew_leaf: 0]
[stochastic_rounding: 1]
[linear_tree: 0]
[max_bin: 255]
[max_bin_by_feature: ]
[min_data_in_bin: 3]
[bin_construct_sample_cnt: 200000]
[data_random_seed: 1]
[is_enable_sparse: 1]
[enable_bundle: 1]
[use_missing: 1]
[zero_as_missing: 0]
[feature_pre_filter: 1]
[pre_partition: 0]
[two_round: 0]
[header: 0]
[label_column: ]
[weight_column: ]
[group_column: ]
[ignore_column: ]
[categorical_feature: ]
[forcedbins_filename: ]
[precise_float_parser: 0]
[parser_config_file: ]
[objective_seed: 5]
[num_class: 1]
[is_unbalance: 0]
[scale_pos_weight: 1]
[sigmoid: 1]
[boost_from_average: 1]
[reg_sqrt: 0]
[alpha: 0.9]
[fair_c: 1]
[poisson_max_delta_step: 0.7]
[tweedie_variance_power: 1.5]
[lambdarank_truncation_level: 30]
[lambdarank_norm: 1]
[label_gain: ]
[lambdarank_position_bias_regularization: 0]
[eval_at: 1,3,5]
[multi_error_top_k: 1]
[auc_mu_weights: ]
[num_machines: 1]
[local_listen_port: 12400]
[time_out: 120]
[machine_list_filename: ]
[machines: ]
[gpu_platform_id: -1]
[gpu_device_id: -1]
[gpu_use_dp: 0]
[num_gpu: 1]

end of parameters

pandas_categorical:null
