tree
version=v4
num_class=1
num_tree_per_iteration=1
label_index=0
max_feature_idx=5
objective=lambdarank
feature_names=Column_0 Column_1 Column_2 Column_3 Column_4 Column_5
feature_infos=[0:2339.8366999999998] [0.56395625999999999:0.99981830000000005] [0.01866292:191.94403] [0.54381610000000002:0.94954850000000002] [0:50.684975000000001] [0.50512239999999997:0.91386867000000005]
tree_sizes=3342 3355 3365 3369 3371

Tree=0
num_leaves=31
num_cat=0
split_feature=1 1 1 1 0 5 5 3 2 0 4 2 4 4 0 5 3 4 3 0 3 5 0 5 1 5 3 5 1 5
split_gain=948.536 62.2007 55.9181 18.3677 12.777 11.0602 7.36998 7.1813 8.56236 6.31712 6.62552 5.6043 5.5108 5.44838 5.27738 5.00572 4.26814 4.9294 5.52519 4.23427 6.7773 4.21809 3.60905 10.3262 3.48026 3.29638 3.34588 3.27649 3.24893 4.75646
threshold=0.75097763500000003 0.77849364500000007 0.7173047050000001 0.82743024500000006 32.657224500000005 0.73194527500000006 0.56359648500000004 0.71304702500000017 35.002925500000011 8.425320000000001 6.6311670000000005 39.693050000000007 15.734172250000002 12.074300000000003 316.07045000000011 0.65386928000000011 0.63203525000000005 7.7047275000000015 0.65833819000000016 285.95560000000006 0.65772510000000006 0.75856805000000016 222.69066000000001 0.77236509000000009 0.73192035000000011 0.68462610000000013 0.69047035000000012 0.72068286000000004 0.74637960000000014 0.64206050000000014
decision_type=2 2 2 2 2 2 2 2 2 2 2 2 2 2 2 2 2 2 2 2 2 2 2 2 2 2 2 2 2 2
left_child=2 4 -1 19 12 6 -4 8 15 10 -9 13 -2 24 21 -8 -17 -18 -19 20 -3 -6 -22 -24 -7 26 -20 -27 -11 -30
right_child=1 3 5 -5 14 11 7 9 -10 28 -12 -13 -14 -15 -16 16 17 18 25 -21 22 -23 23 -25 -26 27 -28 -29 29 -31
leaf_value=-0.17517053379015465 -0.10113337235321709 -0.14994369152667533 0.16908015519818295 0.16947942881031888 0.043566176560949958 -0.096052514495027552 -0.13391474502015055 -0.19999999999999951 0.078999744438300532 -0.15960604409804735 0.053647047327408826 0.14432663611777219 0.082720643437283581 -0.19999999999999987 -0.1189594945048045 0.12077336979551873 -0.1180049533228085 -0.19999999999999984 0.18810593918201654 0.1706861609832665 0.11205282330791638 0.13871699250066091 -0.19999999999999996 0.17024729156889509 0.10838919454910537 -0.13275612207818793 -0.029894802715102583 0.11133515103501124 0.16918575518799273 -0.11198143823494551
leaf_weight=174.684631275828 9.6744189311284554 1.030822256579994 1.1390342861413945 137.47264751524199 29.07732035079971 1.2758095953613504 8.9570500743575447 1.4499241160228873 4.2621718244627109 20.334240057622086 3.5542303416877985 3.2084501283243299 1.9607192738912989 1.3123803092166779 1.7545342240482558 1.4995213360525657 6.6464431141503137 1.1046742182224987 2.037925736047328 11.05965133779682 80.911007221904583 5.5479053352028123 1.387662556022405 1.6477520563639698 2.3972745556384325 1.506716085597873 1.0756307491101322 0.86600059177726496 0.73011118406429787 3.4199732744600624
leaf_count=7402 258 32 9 881 643 30 362 82 89 828 73 26 26 40 49 33 286 30 39 109 880 53 50 8 36 70 41 15 16 111
internal_value=3.01486e-10 0.124723 -0.145417 0.146038 0.0210652 -0.067584 -0.0828043 -0.0877987 -0.0514855 -0.122225 -0.0198457 0.0412358 -0.0701508 -0.0251094 0.0502383 -0.0749578 -0.0391239 -0.0572369 0.00404279 0.112482 0.104907 0.0588119 0.108037 0.000985965 0.0373784 0.0451273 0.112794 -0.043667 -0.143149 -0.0625166
internal_weight=522.987 281.524 241.462 233.51 48.0149 66.7776 58.5836 57.4446 27.9561 29.4885 5.00415 8.19391 11.6351 4.98546 36.3798 23.694 14.7369 13.2374 6.59095 96.0369 84.9772 34.6252 83.9464 3.03541 3.67308 5.48627 3.11356 2.37272 24.4843 4.15008
internal_count=12607 2989 9618 1960 1029 2216 2084 2075 965 1110 155 132 284 106 745 876 514 481 195 1079 970 696 938 58 66 165 80 85 955 127
is_linear=0
shrinkage=0.1


Tree=1
num_leaves=31
num_cat=0
split_feature=1 1 1 4 0 5 0 2 5 4 3 2 5 0 4 5 5 1 0 0 0 4 1 4 0 2 0 4 3 4
split_gain=1374.67 154.055 96.9437 46.0226 37.1583 29.7187 26.9914 28.4219 26.7377 21.7918 20.038 18.8591 18.0253 19.2309 24.1905 20.1544 18.0132 33.4392 16.3679 15.2057 15.008 16.7999 14.6956 14.512 14.345 14.1594 13.9302 13.9292 13.9284 13.4362
threshold=0.74637960000000014 0.8155417450000001 0.71482385000000004 13.685076500000003 35.329697000000003 0.77907883000000011 121.97975800000002 37.337459500000008 0.66476357000000019 2.0086166500000004 0.78152263000000011 19.801523000000003 0.78288555000000015 138.36341000000002 9.4777315000000026 0.73194527500000006 0.73058150000000011 0.84045673500000018 205.35043000000005 5.5730963000000004 316.07045000000011 4.3482101000000011 0.87134850000000008 11.611434500000001 117.42115750000001 40.713438000000004 106.23037500000002 14.529872500000002 0.68973529000000011 10.792195250000001
decision_type=2 2 2 2 2 2 2 2 2 2 2 2 2 2 2 2 2 2 2 2 2 2 2 2 2 2 2 2 2 2
left_child=2 4 -1 5 8 6 16 10 -2 28 -8 19 13 14 25 20 -3 -18 -12 -10 21 -15 24 -4 29 -11 -25 -21 -6 -7
right_child=1 3 23 -5 9 22 7 -9 11 12 18 -13 -14 15 -16 -17 17 -19 -20 27 -22 -23 -24 26 -26 -27 -28 -29 -30 -31
leaf_value=-0.14512602560566432 -0.17891861750502092 0.13266134749422079 -0.070507034891434867 0.12979936849677368 0.096084124616931318 0.092657034622104228 0.045481939843437451 0.076937164699395766 -0.17747464515048372 0.031023044552177966 0.019287069439715084 0.029462488706372459 0.11525562001208983 -0.076038609777606209 -0.022711016457243539 0.13120678086058754 -0.048437555613615187 0.12055143322180439 -0.12085493414394975 -0.0049498680664464018 -0.017287664821717428 0.088180700096454762 0.15487421723713685 0.032985497887786618 0.13779200970731206 0.12329615186466059 -0.13724381054005544 -0.19685097568621884 -0.15712678037899641 -0.046079973337262589
leaf_weight=437.07807980501093 10.437293216586111 49.237840596586466 136.39124688925222 295.59014564566314 2.8903853315860024 15.995662979781629 22.983569707721472 45.330332946032286 8.7418204117566329 83.46134839951992 12.614887330681084 53.006105860695243 32.964220210909843 7.0071834735572329 83.983079548925161 35.760482950136065 20.872594833374023 26.673184275627136 24.559155538678169 29.51994953583926 28.669921088032424 56.135556926950812 52.847569722682238 27.435862185433507 23.462758094072342 20.768359705805779 5.8283927459269753 4.3383022379130116 8.7451447248458845 12.385762840509413
leaf_count=7202 90 80 1815 500 21 30 48 97 69 410 25 240 55 57 378 103 55 52 45 173 109 278 86 267 37 82 89 23 69 22
internal_value=2.42513e-10 0.0682358 -0.120222 0.101636 0.0250881 0.0745159 0.0521307 0.0171407 -0.0269447 0.0403987 -0.0279176 -0.0103537 0.0448903 0.037545 0.0172281 0.0675192 0.0902677 0.0463653 -0.0732982 -0.0598959 0.0427133 0.0699567 0.117766 -0.0560634 0.0799387 0.049409 0.00315879 -0.0295384 -0.0942266 0.0321117
internal_weight=1675.72 1068.98 606.734 602.553 466.429 306.963 202.272 105.488 106.043 360.386 60.1576 95.6062 348.75 315.786 188.213 127.573 96.7836 47.5458 37.174 42.6001 91.8127 63.1427 104.692 169.656 51.8442 104.23 33.2643 33.8583 11.6355 28.3814
internal_count=12607 3234 9373 1077 2157 577 402 215 595 1562 118 505 1472 1417 870 547 187 107 70 265 444 335 175 2171 89 492 356 196 90 52
is_linear=0
shrinkage=0.1


Tree=2
num_leaves=31
num_cat=0
split_feature=1 1 1 1 5 1 4 0 5 5 1 0 5 5 5 3 4 4 1 2 0 4 3 5 4 0 5 4 2 3
split_gain=1009.28 84.135 77.1883 22.2882 20.2424 12.6708 12.9093 11.7548 11.1109 11.1393 10.6736 15.3576 18.7225 13.5481 12.8879 10.6251 11.2956 23.8931 12.067 11.5422 10.3034 10.1814 18.8009 9.6533 12.1245 12.0636 11.3978 9.17776 9.12322 9.02567
threshold=0.75097763500000003 0.82110833000000005 0.7173047050000001 0.77849364500000007 0.73194527500000006 0.84920097000000017 18.133881000000002 68.860997500000011 0.69189215000000004 0.63075327500000011 0.67932820000000016 33.672483500000006 0.62963650000000004 0.6267708500000001 0.53259170000000011 0.71435882000000006 2.6084378500000005 2.6377588500000004 0.71868360000000009 15.599128500000001 16.824391000000002 4.2088178000000012 0.75212122000000015 0.60633065000000019 0.5471928250000001 26.277117000000004 0.60571348000000003 7.5460732000000013 43.192585000000008 0.82122852000000013
decision_type=2 2 2 2 2 2 2 2 2 2 2 2 2 2 2 2 2 2 2 2 2 2 2 2 2 2 2 2 2 2
left_child=2 3 10 8 15 6 20 21 9 -2 14 12 13 23 -1 16 18 -18 -4 -19 -3 22 -5 25 -25 26 -12 -6 -23 -22
right_child=1 5 4 7 27 -7 -8 -9 -10 -11 11 -13 -14 -15 -16 -17 17 19 -20 -21 29 28 -24 24 -26 -27 -28 -29 -30 -31
leaf_value=0.024992647329117695 0.055829953965285832 0.15162324839164176 0.14073169489591603 0.060959549660498359 -0.0563178992837855 0.11007114791292925 0.13968944830839813 0.069180699235049256 0.025960788232853849 -0.054686584146898747 -0.10248565395429794 -0.15035420369908348 -0.11897536068787523 0.10490791573446134 -0.1483207554273967 -0.090313817982298941 0.18683833429447105 -0.083877623238492419 -0.16043276752611213 0.0065315794830525398 0.035626593122843601 0.05346363135053455 -0.18713044751810978 0.17728964540615466 -0.13368503727179612 0.12853132256909292 0.18580041535740033 0.094136259174807516 -0.031601677823194875 0.10981161967901271
leaf_weight=4.381116969510912 11.514867639634756 11.045770123600958 1.5215195715427388 6.2454709038138372 5.7752967886626747 304.65014191716909 24.492257229983807 161.29626940563321 84.277102894149721 43.853847071528435 9.356881951913234 64.876017044764012 74.084161242935807 5.9847049545496693 207.65136678284034 62.382867812877521 5.2606533467769614 26.635429996997118 10.593220968730746 30.054346451535821 84.233040243387222 66.84300235286355 5.9788998649455607 1.3590542450547243 16.182977668941021 4.8982186466455451 1.606964826583863 13.606660353019832 15.538853380829094 20.365199498832226
leaf_count=49 71 19 6 30 44 636 61 590 536 422 164 1575 1322 39 3951 1089 8 430 200 351 210 283 25 10 249 36 7 88 53 53
internal_value=-3.05617e-11 0.0687848 -0.105824 0.0352312 -0.0463242 0.0986239 0.0737381 0.0527665 0.00309753 -0.0317028 -0.129575 -0.111545 -0.0893571 -0.0336499 -0.14474 -0.059908 -0.0342981 -0.0170285 -0.122609 -0.0359468 0.0597702 0.0247817 -0.0603805 -0.058474 -0.109593 -0.00194154 -0.0602317 0.049305 0.0374186 0.0500704
internal_weight=1386.55 840.335 546.211 395.548 155.83 444.786 140.136 255.902 139.646 55.3687 390.381 178.349 113.473 39.3888 212.032 136.448 74.0652 61.9504 12.1147 56.6898 115.644 94.6062 12.2244 33.4041 17.542 15.8621 10.9638 19.382 82.3819 104.598
internal_count=12607 2989 9618 2010 2216 979 343 981 1029 493 7402 3402 1827 505 4000 2084 995 789 206 781 282 391 55 466 259 207 171 132 336 263
is_linear=0
shrinkage=0.1


Tree=3
num_leaves=31
num_cat=0
split_feature=1 1 1 3 3 2 3 4 0 4 2 5 5 0 1 0 5 2 3 3 5 3 3 0 2 5 5 1 2 0
split_gain=718.756 68.2971 52.0473 17.3674 14.9095 13.2725 16.9735 13.1398 14.3985 12.6802 12.0171 11.7609 11.1894 10.2166 8.88169 9.92645 8.84778 8.43484 13.3581 8.31257 8.21363 8.04773 7.70944 7.38194 6.99149 8.29086 6.97935 6.95498 8.6762 6.90867
threshold=0.75097763500000003 0.8155417450000001 0.72006070500000008 0.79737128000000013 0.73966075000000009 20.375227000000006 0.73299635000000019 8.7557720000000021 7.1342909500000014 9.3980025000000023 43.651949000000009 0.62213599500000016 0.69455325500000009 29.930870000000002 0.77434622500000005 216.50545500000004 0.64206050000000014 20.534003000000002 0.72997343500000011 0.83862448500000009 0.63502730000000007 0.70516991500000015 0.63203525000000005 171.53289000000004 22.737362000000005 0.64555895000000019 0.65504350000000011 0.84045673500000018 45.231392000000007 35.329697000000003
decision_type=2 2 2 2 2 2 2 2 2 2 2 2 2 2 2 2 2 2 2 2 2 2 2 2 2 2 2 2 2 2
left_child=2 4 3 -1 5 11 -7 10 -9 17 22 -2 20 21 15 29 -16 18 -3 -18 -10 -14 -4 24 -24 -26 -25 28 -19 -6
right_child=1 9 7 -5 14 6 -8 8 12 -11 -12 -13 13 -15 16 -17 19 27 -20 -21 -22 -23 23 26 25 -27 -28 -29 -30 -31
leaf_value=-0.11854571198639291 0.11995746949922924 0.11504937180258841 0.091083384266001252 0.12478999371789329 -0.05101337239374059 0.048580495021679444 -0.12217629063324836 0.097874151006835483 0.052093722112555321 0.098011960149702093 0.034426471163205845 -0.044856103520136734 0.09925267494327715 0.075027182627632139 0.14150829487333369 -0.17403885653503212 0.043483050391404002 0.070666089942389917 -0.013069471917353297 0.15643492397007835 -0.1345433058945007 -0.11897444499729413 -0.12452465516032425 -0.15570494921342073 0.02332334550344372 -0.1019731907563835 0.070870823031104466 0.10111503262365083 -0.072363021762157545 0.039503564528550153
leaf_weight=343.70867311768234 4.678061641752719 11.246572032570837 2.5038763880729666 2.9583117663860312 11.087235938757656 59.06450814101845 6.457675063982605 11.38314259983599 2.9388247919268897 309.15959230903536 10.296155591960995 58.134813937358558 2.2451965138316172 12.231578053440897 11.083747707307337 2.8632613997906438 138.1460922290571 16.091844592243437 29.442702438682318 6.8380191922187796 11.930281352251766 6.8323528971523046 38.561460356228054 1.856870550662278 8.526546364650132 13.874426106922327 5.0758951045572758 47.609649918973446 5.7589280977845183 35.210101750679314
leaf_count=7578 24 28 25 24 114 285 48 83 48 774 134 455 20 111 27 49 622 50 85 20 262 81 778 70 107 244 53 120 20 268
internal_value=4.09948e-10 0.0607685 -0.0963333 -0.116469 0.0269995 0.000263961 0.0317512 -0.0419077 -0.000215775 0.087632 -0.0664807 -0.0325814 -0.0310789 0.0153768 0.043718 0.00665184 0.0553936 0.0584984 0.0223428 0.0488103 -0.0976552 -0.0649992 -0.0812388 -0.0875938 -0.0987133 -0.0542812 0.0101848 0.079678 0.0329697 0.0178267
internal_weight=1227.8 752.873 474.924 346.667 333.564 128.335 65.5222 128.257 47.5614 419.309 80.6952 62.8129 36.1782 21.3091 205.228 49.1606 156.068 110.15 40.6893 144.984 14.8691 9.07755 70.3991 67.8952 60.9624 22.401 6.93277 69.4604 21.8508 46.2973
internal_count=12607 2989 9618 7602 1912 812 333 2016 605 1077 1411 479 522 212 1100 431 669 303 113 642 310 101 1277 1252 1129 351 123 190 70 382
is_linear=0
shrinkage=0.1


Tree=4
num_leaves=31
num_cat=0
split_feature=1 1 1 0 2 4 5 5 3 3 1 1 0 5 5 0 4 0 5 5 2 2 5 5 4 0 2 2 4 2
split_gain=542.236 64.3927 35.3947 14.3632 10.2561 10.5659 9.02199 9.42355 8.54159 7.59111 8.64904 12.9547 15.3201 7.92786 7.52939 7.16278 11.3926 7.05715 7.01983 8.33215 7.93474 9.56334 6.9732 8.89857 9.2587 8.03463 6.67964 7.98747 6.36896 6.30972
threshold=0.74566674000000011 0.81818425000000006 0.7173047050000001 66.037575000000018 12.157182000000002 5.7960455500000005 0.56359648500000004 0.75561881500000017 0.79737128000000013 0.6690745250000002 0.77434622500000005 0.77090202500000016 285.95560000000006 0.64206050000000014 0.77549373500000007 7.3586075000000006 9.0288940000000029 2.9784608000000001 0.75313055500000015 0.73951602000000005 58.166055500000006 21.536279000000004 0.77236509000000009 0.73951602000000005 13.685076500000003 121.97975800000002 43.192585000000008 42.214081500000013 5.9419545000000005 33.352066500000014
decision_type=2 2 2 2 2 2 2 2 2 2 2 2 2 2 2 2 2 2 2 2 2 2 2 2 2 2 2 2 2 2
left_child=2 3 8 14 5 -5 -4 15 -1 -6 11 12 -11 -12 17 16 -8 -2 19 20 21 -15 23 24 25 -3 27 -19 -27 -24
right_child=1 22 6 4 9 -7 7 -9 -10 10 13 -13 -14 18 -16 -17 -18 26 -20 -21 -22 -23 29 -25 -26 28 -28 -29 -30 -31
leaf_value=-0.11085530007386704 -0.13929960562575133 0.099066852191828828 0.14393109316748751 -0.16000382657989604 0.15625435473338281 0.015213970128893504 -0.081320087634471058 0.078919510471184159 0.088276968205815709 0.0434650300839797 0.13281234855359472 -0.16370843877468222 -0.17613525559973209 -0.0221961692432441 0.053503014513782837 -0.068303434643855729 0.065534293774265256 -0.00396918535839274 0.090713461556634623 -0.044240211912670718 -0.024361053902567504 0.075934205474942243 0.07417517975276873 0.043522020903526804 0.13192373570935187 -0.069087757260188162 -0.072082084202707092 0.15177179752860562 0.050316869074689213 0.11088835029871121
leaf_weight=298.26578899566084 4.2282141968607894 32.074807442724705 2.5438469946384421 4.856843780726197 6.051679015159606 11.809877913445233 9.858787454664709 5.6443420499563208 2.1697171954438081 31.097361438907683 11.744812950491903 4.2630508486181489 3.538299409672617 12.022794429212807 20.278479298576713 76.162711890414357 11.380772927775977 97.006470460444689 28.100905552506447 11.954340538009999 13.732538070529698 57.086747705936432 80.301426207646728 80.090346233919263 32.597243256866932 5.6924616172909763 14.144780234433709 3.4088063277304164 20.752148663625121 112.25205495022237
leaf_count=7378 66 91 9 67 25 116 203 34 24 348 39 44 47 68 91 1594 82 761 100 49 64 249 207 251 95 25 114 7 76 283
internal_value=-1.62227e-10 0.0533829 -0.0919135 0.0217727 0.0391944 -0.0358462 -0.0421106 -0.0467033 -0.109417 0.0461583 0.0423191 0.000784887 0.0210312 0.0543185 -0.00281369 -0.0539829 -0.00263125 -0.0124276 0.0468172 0.0338048 0.0450669 0.0588627 0.0825222 0.0678389 0.0892131 0.0654219 -0.00774494 0.00131777 0.0246139 0.0955777
internal_weight=1105.11 699.086 406.026 335.326 196.259 16.6667 105.59 103.047 300.436 179.593 173.541 38.8987 34.6357 134.642 139.067 97.4023 21.2396 118.788 122.897 94.7964 82.8421 69.1095 363.76 171.207 91.1167 58.5194 114.56 100.415 26.4446 192.553
internal_count=12607 3283 9324 2255 1216 183 1922 1913 7402 1033 1008 439 395 569 1039 1879 285 948 530 430 381 317 1028 538 287 192 882 768 101 490
is_linear=0
shrinkage=0.1


end of trees

feature_importances:
Column_5=35
Column_1=28
Column_0=27
Column_4=23
Column_3=19
Column_2=18

parameters:
[boosting: gbdt]
[objective: lambdarank]
[metric: ndcg]
[tree_learner: serial]
[device_type: cpu]
[data_sample_strategy: bagging]
[data: ]
[valid: ]
[num_iterations: 100]
[learning_rate: 0.1]
[num_leaves: 31]
[num_threads: 0]
[seed: 0]
[deterministic: 0]
[force_col_wise: 0]
[force_row_wise: 0]
[histogram_pool_size: -1]
[max_depth: -1]
[min_data_in_leaf: 20]
[min_sum_hessian_in_leaf: 0.001]
[bagging_fraction: 1]
[pos_bagging_fraction: 1]
[neg_bagging_fraction: 1]
[bagging_freq: 0]
[bagging_seed: 3]
[bagging_by_query: 0]
[feature_fraction: 1]
[feature_fraction_bynode: 1]
[feature_fraction_seed: 2]
[extra_trees: 0]
[extra_seed: 6]
[early_stopping_round: 0]
[early_stopping_min_delta: 0]
[first_metric_only: 0]
[max_delta_step: 0]
[lambda_l1: 0]
[lambda_l2: 0]
[linear_lambda: 0]
[min_gain_to_split: 0]
[drop_rate: 0.1]
[max_drop: 50]
[skip_drop: 0.5]
[xgboost_dart_mode: 0]
[uniform_drop: 0]
[drop_seed: 4]
[top_rate: 0.2]
[other_rate: 0.1]
[min_data_per_group: 100]
[max_cat_threshold: 32]
[cat_l2: 10]
[cat_smooth: 10]
[max_cat_to_onehot: 4]
[top_k: 20]
[monotone_constraints: ]
[monotone_constraints_method: basic]
[monotone_penalty: 0]
[feature_contri: ]
[forcedsplits_filename: ]
[refit_decay_rate: 0.9]
[cegb_tradeoff: 1]
[cegb_penalty_split: 0]
[cegb_penalty_feature_lazy: ]
[cegb_penalty_feature_coupled: ]
[path_smooth: 0]
[interaction_constraints: ]
[verbosity: -1]
[saved_feature_importance_type: 0]
[use_quantized_grad: 0]
[num_grad_quant_bins: 4]
[quant_train_renew_leaf: 0]
[stochastic_rounding: 1]
[linear_tree: 0]
[max_bin: 255]
[max_bin_by_feature: ]
[min_data_in_bin: 3]
[bin_construct_sample_cnt: 200000]
[data_random_seed: 1]
[is_enable_sparse: 1]
[enable_bundle: 1]
[use_missing: 1]
[zero_as_missing: 0]
[feature_pre_filter: 1]
[pre_partition: 0]
[two_round: 0]
[header: 0]
[label_column: ]
[weight_column: ]
[group_column: ]
[ignore_column: ]
[categorical_feature: ]
[forcedbins_filename: ]
[precise_float_parser: 0]
[parser_config_file: ]
[objective_seed: 5]
[num_class: 1]
[is_unbalance: 0]
[scale_pos_weight: 1]
[sigmoid: 1]
[boost_from_average: 1]
[reg_sqrt: 0]
[alpha: 0.9]
[fair_c: 1]
[poisson_max_delta_step: 0.7]
[tweedie_variance_power: 1.5]
[lambdarank_truncation_level: 30]
[lambdarank_norm: 1]
[label_gain: ]
[lambdarank_position_bias_regularization: 0]
[eval_at: 1,3,5]
[multi_error_top_k: 1]
[auc_mu_weights: ]
[num_machines: 1]
[local_listen_port: 12400]
[time_out: 120]
[machine_list_filename: ]
[machines: ]
[gpu_platform_id: -1]
[gpu_device_id: -1]
[gpu_use_dp: 0]
[num_gpu: 1]

end of parameters

pandas_categorical:null
