tree
version=v4
num_class=1
num_tree_per_iteration=1
label_index=0
max_feature_idx=5
objective=lambdarank
feature_names=Column_0 Column_1 Column_2 Column_3 Column_4 Column_5
feature_infos=[0:5118.9477999999999] [0.54346967000000002:0.99983025000000003] [0.012253175:183.29028] [0.52564690000000003:0.93682193999999996] [0:51.141620000000003] [0.50706552999999999:0.90272284000000003]
tree_sizes=3363 3366 3363 3377 3392 3376 3379 3379 3393 3385 3375 3402 3402 3399 3389 3378 3381 3380 3395 3384 3411

Tree=0
num_leaves=31
num_cat=0
split_feature=1 1 1 5 1 1 0 3 3 5 5 2 5 3 5 4 1 3 5 2 1 5 2 3 5 4 5 0 5 3
split_gain=1198.16 118.019 43.3476 17.3424 16.3847 15.5032 11.0182 10.2528 9.21647 8.32286 7.60121 7.37319 10.5182 12.1414 8.16541 6.19469 5.80017 5.51557 5.47078 5.41705 5.36166 6.91177 4.99601 4.84053 4.2677 3.98421 3.86282 3.78153 3.77128 3.7021
threshold=0.75619078000000017 0.81535232000000013 0.72336745000000013 0.74301946000000008 0.8411601700000001 0.77211190000000018 6.0777758000000004 0.69663059500000013 0.78682400000000008 0.72062492000000011 0.69439780000000006 11.503862500000002 0.74136080000000015 0.71932425000000011 0.72454667500000014 5.1297710000000007 0.73711478500000005 0.75372970000000017 0.77321910000000005 12.942213500000001 0.80009806500000014 0.65941155000000007 67.023068000000009 0.78682400000000008 0.77081012500000012 5.3798775500000007 0.63892925000000012 149.53441500000002 0.66810523000000011 0.79769777500000016
decision_type=2 2 2 2 2 2 2 2 2 2 2 2 2 2 2 2 2 2 2 2 2 2 2 2 2 2 2 2 2 2
left_child=2 5 8 6 24 9 10 15 -1 26 25 14 13 -13 -7 -8 -17 -16 -6 -11 21 -15 -23 -21 27 28 -2 -3 -4 -29
right_child=1 4 3 -5 18 11 7 -9 -10 19 -12 12 -14 20 17 16 -18 -19 -20 23 -22 22 -24 -25 -26 -27 -28 29 -30 -31
leaf_value=-0.1711306707124923 -0.17478922089315665 0.11834689799274388 0.022518634058647222 0.049468517229749986 0.1468470427791751 0.048904012291370022 -0.12198237626436598 -0.1382453690256655 -0.0092255530125465775 -0.11569287766440535 -0.14805443263945348 0.13253889523743831 0.11590423707435787 -0.16179204355278928 -0.20000000000000001 -0.09025318026406727 0.05615591486897209 0.019999220852338524 0.18327197731758982 0.0943009951187328 0.070817833867732966 0.025498366709719819 -0.13255805288248823 -0.070090852470703263 0.14426260836133023 0.08544274684632458 -0.031100525580424671 0.023966330242283135 -0.19999999999999984 0.12641301980483702
leaf_weight=222.8475062615471 2.0299195591360357 23.997606435324997 2.2942421426996575 8.4206469082273525 61.769536383682862 10.2649826828856 7.5739929636474725 53.325939973583445 3.5723200489301226 1.7670932435430575 3.0985085382126263 13.107238966971634 37.154153814539313 2.4728280548006323 2.7877085930667809 4.6338532909285259 6.503391932696104 1.9275530554587019 124.02601345116273 12.100009593646972 15.52224009670317 24.973661462077875 2.1739424117840818 2.1023605081718406 27.2538464195095 5.6017484538024291 23.888585346983746 11.265100687509404 1.1401662197895346 5.135398694779723
leaf_count=6984 64 229 41 140 451 153 220 1562 68 63 69 129 362 60 62 110 119 34 693 143 179 378 47 38 178 83 472 154 26 63
internal_value=2.65686e-11 0.114014 -0.145004 -0.0873603 0.15582 0.0444324 -0.101049 -0.115898 -0.168576 -0.0073651 -0.012896 0.0640882 0.0743294 0.0478112 -0.00113438 -0.0522098 -0.00476025 -0.110066 0.171162 0.0494222 0.0232104 -0.00173765 0.0128414 0.0699663 0.113684 0.0334499 -0.0423541 0.093054 -0.0513538 0.0560449
internal_weight=724.732 405.72 319.012 92.5925 253.448 152.272 84.1718 72.0372 226.42 41.888 12.1347 110.384 95.4041 58.2499 14.9802 18.7112 11.1372 4.71526 185.796 15.9695 45.1427 29.6204 27.1476 14.2024 67.652 9.03616 25.9185 40.3981 3.43441 16.4005
internal_count=13374 3952 9422 2370 1768 2184 2230 2011 7052 780 219 1404 1155 793 249 449 229 96 1144 244 664 485 425 181 624 150 536 446 67 217
is_linear=0
shrinkage=0.1


Tree=1
num_leaves=31
num_cat=0
split_feature=1 1 1 1 1 4 2 3 4 0 4 3 0 5 3 0 0 5 3 1 1 3 3 0 5 0 0 0 2 2
split_gain=1838.4 300.191 105.211 61.8414 42.4955 32.3624 24.8438 24.768 24.7322 22.7421 21.5554 20.0663 20.3358 19.4654 23.7519 20.9114 16.6338 40.0739 27.8006 40.5491 16.6734 16.0548 15.1752 17.2997 17.7797 13.7104 45.0726 13.1434 12.7909 12.7169
threshold=0.75536480000000006 0.85237360000000006 0.72336745000000013 0.78966975000000017 0.88912393000000012 9.2795505000000009 11.345636500000003 0.81400297500000007 8.7679205000000007 485.28112500000003 5.1297710000000007 0.70756900500000008 10.580371500000002 0.65513073000000011 0.82377183000000009 23.739998500000002 205.88679000000002 0.78990697000000021 0.8164906500000001 0.82911788500000017 0.83893512500000011 0.7998205450000001 0.83954920000000011 8.3411245000000012 0.62814702000000011 2.9249758000000003 15.605882000000001 114.61870000000002 47.79164500000001 11.907370500000001
decision_type=2 2 2 2 2 2 2 2 2 2 2 2 2 2 2 2 2 2 2 2 2 2 2 2 2 2 2 2 2 2
left_child=2 3 7 6 -3 8 -2 -1 13 16 -4 12 -12 -5 15 -15 20 18 19 -18 25 -13 23 -8 -25 -7 -27 -14 -17 -26
right_child=1 4 10 5 -6 9 22 -9 -10 -11 11 21 27 14 -16 28 17 -19 -20 -21 -22 -23 -24 24 29 26 -28 -29 -30 -31
leaf_value=-0.14170593435737319 -0.07350216554581214 0.095296803152377471 -0.10852841268352482 0.12354721585821454 0.15058551431767617 0.18827071808879464 0.089311339043925186 0.16561206117511448 -0.13057697498908291 0.13150683141500349 -0.090137741226822402 -0.08675520181038672 0.041208855718428139 -0.13449233671521657 0.14354681329093427 0.021666543754430504 0.03009414518573128 0.13673501588746312 0.088105207677901087 -0.1401823023593938 0.11746041752873081 0.041554518160173678 0.12273260095910013 -0.16696250677542737 0.14928129688477129 -0.16073335887653742 0.06280393171930497 -0.1122728077238828 -0.095304242228450797 -0.0053059910638118954
leaf_weight=582.20149511052296 44.997773361392319 249.96193645149469 77.046167850028723 17.174388816580176 313.21188019961119 7.703403413295745 20.693862779065967 2.6343635022640219 11.210251603275536 46.914055055007339 21.402456514537334 96.08020188473165 50.490917746908963 11.070047099143265 12.083993367850779 94.104603761807084 30.302122807130218 23.595202922821045 20.264292329549789 25.972295451909304 59.099320385605097 10.853369941934941 10.882410883903502 6.6831375714391461 5.4639786072075358 9.4628588855266553 192.78973759524524 6.2726429104804984 10.3797365501523 204.07945748511702
leaf_count=7046 309 468 807 47 468 10 67 6 43 101 89 1015 261 47 29 294 105 43 47 73 110 66 26 61 15 44 521 80 46 1030
internal_value=1.73854e-10 0.0692276 -0.116725 0.0322319 0.126046 0.0513608 -0.00514554 -0.140322 0.0125207 0.0659244 -0.0640823 -0.0455819 -0.0070714 0.0235982 0.0101495 -0.00380036 0.0575907 0.0227969 -0.0123277 -0.0484934 0.0705398 -0.0737322 0.00726713 0.00196348 -0.0063961 0.0573324 0.0523452 0.0242484 0.0100464 -0.00127503
internal_weight=2275.08 1428.1 846.982 864.927 563.174 572.126 292.801 584.836 156.023 416.103 262.146 185.1 78.166 144.813 127.638 115.554 369.189 100.134 76.5387 56.2744 269.055 106.934 247.803 236.92 216.227 209.956 202.253 56.7636 104.484 209.543
internal_count=13374 4004 9370 3068 936 1560 1508 7052 506 1054 2318 1511 430 463 416 387 953 268 225 178 685 1081 1199 1173 1106 575 565 341 340 1045
is_linear=0
shrinkage=0.1


Tree=2
num_leaves=31
num_cat=0
split_feature=1 1 1 5 1 5 3 3 0 3 4 0 0 1 0 5 1 3 5 4 0 5 4 0 0 2 5 1 0 3
split_gain=1290.49 204.891 70.3254 39.4243 29.3765 20.0368 16.6226 13.4869 15.6823 19.8847 15.3718 13.3345 15.786 14.2637 25.0418 14.9856 11.4094 11.4065 11.183 12.9823 13.4323 13.3388 10.069 10.0632 13.5167 9.54879 16.5725 9.44858 11.5789 13.545
threshold=0.75619078000000017 0.83893512500000011 0.72336745000000013 0.73608090000000004 0.87911893000000008 0.73051013000000009 0.80159437500000019 0.66889548500000007 6.0777758000000004 0.76419390000000009 9.4597625000000019 34.962359000000014 2.9249758000000003 0.79622697000000009 220.83456000000004 0.76222945000000009 0.72419463500000003 0.71789003000000007 0.76646840500000013 9.8032730000000026 90.82433300000001 0.71639693000000004 9.5374447500000006 152.02682500000003 111.03778200000001 32.408585000000009 0.73860180500000017 0.6567651000000001 90.82433300000001 0.6736938950000001
decision_type=2 2 2 2 2 2 2 2 2 2 2 2 2 2 2 2 2 2 2 2 2 2 2 2 2 2 2 2 2 2
left_child=2 3 6 -2 18 7 27 10 9 22 -4 12 -5 14 15 23 -10 -15 19 -3 -21 -22 -9 24 25 26 -13 28 -1 -30
right_child=1 4 5 11 -6 -7 -8 8 16 -11 -12 13 -14 17 -16 -17 -18 -19 -20 20 21 -23 -24 -25 -26 -27 -28 -29 29 -31
leaf_value=-0.15997125911425403 0.0020504365669665402 0.10388230462120947 0.034918503145004713 0.10884891087914297 0.12949293851933349 0.0061582347294292586 0.075444805711406035 -0.11944676061065207 0.040579439550346971 0.13347792957664392 -0.18403583736417528 0.11774530180736589 -0.032397573907636278 -0.02394964539321429 -0.19354434882175148 0.087802199926849039 -0.10136357708159341 0.082821999613726272 0.10383538560307243 0.14733542716854162 -0.091043017002357576 0.039302314042333787 0.026658693600367912 0.074964658469141396 -0.19419182129868784 0.077461772283748606 -0.17022245136226566 -0.11835237299904328 -0.16126224898635932 0.064681594993863598
leaf_weight=110.37192457774654 339.71542593603954 47.563342105597258 19.742302644997839 10.395225383341311 301.29559118300676 40.545598519966006 4.1300035007297984 12.14317904785276 5.9184766188263884 6.984685990959405 3.8281353972852221 2.992093838751325 33.130809942260385 10.647238763049243 4.9732562452554694 31.834182254970074 131.12191272666678 166.0186670050025 134.44968218822032 9.8398863375186902 9.0066356882452947 61.190215326845646 7.7127928473055354 9.6770382765680534 4.8784540910273781 7.6248691603541365 6.0180734135210514 386.30125815793872 5.4189504198729974 5.1986079821363091
leaf_count=1604 1778 120 148 27 572 245 18 102 41 36 35 9 187 39 38 106 1719 423 298 19 26 161 44 42 30 31 46 5284 103 43
internal_value=1.32752e-10 0.064412 -0.103772 0.0251294 0.108196 -0.0575833 -0.124363 -0.0713705 -0.0815431 -0.0116446 -0.000642434 0.0523347 0.00133601 0.0614074 0.0224885 0.0395356 -0.0952334 0.0763871 0.0837105 0.0625053 0.0379162 0.0225783 -0.062694 -0.009727 -0.0478224 -0.00489751 -0.0745942 -0.12599 -0.150376 -0.0506348
internal_weight=1930.67 1191.25 739.418 627.905 563.345 227.997 511.421 187.451 163.881 26.8407 23.5704 288.19 43.526 244.664 67.998 63.0247 137.04 176.666 262.05 127.6 80.0367 70.1969 19.856 31.1905 21.5135 16.635 9.01017 507.291 120.989 10.6176
internal_count=13374 3952 9422 2756 1196 2370 7052 2125 1942 182 183 978 214 764 302 264 1760 462 624 326 206 187 146 158 116 86 55 7034 1750 146
is_linear=0
shrinkage=0.1


Tree=3
num_leaves=31
num_cat=0
split_feature=1 1 1 5 1 3 5 5 4 3 2 3 3 1 3 0 5 3 1 5 0 3 1 4 3 4 3 3 4 0
split_gain=958.273 128.408 76.8507 21.9005 17.5589 14.2242 13.8468 22.0647 12.5305 16.1078 11.5177 10.4062 9.93623 8.80524 11.2029 9.42984 8.86198 13.2347 8.77275 14.4987 8.43506 9.21038 8.02269 10.8972 10.8589 10.2874 10.1652 12.4258 9.60751 7.86838
threshold=0.76340771500000015 0.83893512500000011 0.73711478500000005 0.73608090000000004 0.88912393000000012 0.78343522500000018 0.72062492000000011 0.7235659350000001 7.9458095000000011 0.78239202000000019 35.752766000000001 0.75372970000000017 0.65945792000000003 0.6567651000000001 0.60860359500000016 55.287602000000007 0.56952214500000009 0.66889548500000007 0.96505285000000007 0.81873237500000007 90.82433300000001 0.6736938950000001 0.77376188000000001 3.3662174500000002 0.78115000000000012 4.5405600000000002 0.68759000000000003 0.74516330000000008 5.2905443000000014 393.96455500000008
decision_type=2 2 2 2 2 2 2 2 2 2 2 2 2 2 2 2 2 2 2 2 2 2 2 2 2 2 2 2 2 2
left_child=2 3 5 22 -3 6 13 -8 9 12 -5 -10 -4 20 15 -15 17 -16 -6 -20 -1 -22 26 -24 25 -25 -2 -28 -27 -12
right_child=1 4 8 10 18 -7 7 -9 11 -11 29 -13 -14 14 16 -17 -18 -19 19 -21 21 -23 23 24 -26 28 27 -29 -30 -31
leaf_value=-0.14788112015929036 0.073951419247458586 0.082409827253040524 0.028499062245406787 0.030360012587708624 0.12699326923766005 -0.014194382830529357 0.10251866806313459 -0.092470930481806921 0.015504405726953913 0.044992998040403416 0.062350413910858583 -0.063037920883390969 -0.08730978164545905 0.075787865656521 -0.16875799350067014 -0.16275667138050479 -0.11061856849772472 0.061119010079014935 0.14009702425174581 -0.013970912966410162 -0.1490701293486984 0.047221933358717244 -0.057108479252481893 0.11514715167688599 -0.014783225218790497 -0.073757225820688957 -0.12324824601938489 -0.0010872932198509391 0.035209362467595207 0.13607914961653944
leaf_weight=92.108318162150681 7.3577745258808127 264.15344498865306 8.322819881141184 136.05872145784087 204.77728780731559 16.546819327399135 7.7687773639336255 22.938419728539884 68.050527096260339 13.231225334107874 91.213824897073209 22.428590534254909 67.448574668727815 5.9697602577507478 3.8588417312130314 2.2939456142485142 383.1314712818712 7.1359372958540916 12.301741775125267 12.131811432540415 4.6990167237818223 4.8655133694410324 18.817914724349976 15.090013220906256 56.25145635008812 8.6742806024849397 15.079843116924165 18.592332138679922 120.41638222709298 17.205047469586134
leaf_count=1588 51 728 63 571 416 169 47 298 506 88 288 281 788 50 60 36 5671 47 25 27 103 43 130 51 304 44 145 137 575 44
internal_value=3.1682e-10 0.0637036 -0.0870062 0.028243 0.0999832 -0.105509 -0.108334 -0.0431395 -0.0301712 -0.056812 0.0497355 -0.00396521 -0.0745892 -0.112306 -0.105662 0.00956961 -0.108078 -0.019561 0.120236 0.0635988 -0.138599 -0.0492156 0.00805541 0.0156503 0.0224814 0.03702 -0.032529 -0.0557962 0.0278873 0.0740505
internal_weight=1728.92 998.122 730.799 504.758 493.364 551.317 534.77 30.7072 179.482 89.0026 244.478 90.4791 75.7714 504.063 402.39 8.26371 394.126 10.9948 229.211 24.4336 101.673 9.56453 260.28 219.25 200.432 144.181 41.0299 33.6722 129.091 108.419
internal_count=13374 3536 9838 2340 1196 8112 7943 345 1726 939 903 787 851 7598 5864 86 5778 107 468 52 1734 146 1437 1104 974 670 333 282 619 332
is_linear=0
shrinkage=0.1


Tree=4
num_leaves=31
num_cat=0
split_feature=1 1 1 5 1 4 3 2 0 3 3 4 4 1 5 5 0 1 3 5 2 2 4 4 5 0 4 3 4 5
split_gain=737.82 116.815 37.7195 22.1462 20.3734 13.7653 13.8679 11.3947 9.76014 14.1876 9.88034 8.88219 12.7187 8.61113 8.64156 8.58413 20.9658 23.3942 16.1576 10.6368 8.61336 8.50891 9.46216 11.8965 8.46362 8.31941 9.43824 8.19267 7.49454 7.25427
threshold=0.75619078000000017 0.83625316500000013 0.72562921000000002 0.74136080000000015 0.88912393000000012 5.6565653500000002 0.70815670000000008 18.406375000000004 34.962359000000014 0.79158080000000008 0.74083292000000012 12.037073500000002 10.817440500000002 0.80204665500000016 0.64528750000000012 0.65336622000000022 136.93053000000003 0.66935315000000017 0.78781807000000004 0.70186615000000019 26.053568000000002 60.68417800000001 6.3556392000000015 4.6869035000000006 0.79269111000000014 7.0384943500000006 8.7679205000000007 0.78924110000000014 21.027906500000004 0.67833209000000017
decision_type=2 2 2 2 2 2 2 2 2 2 2 2 2 2 2 2 2 2 2 2 2 2 2 2 2 2 2 2 2 2
left_child=2 3 15 7 24 27 -7 11 9 10 -5 12 25 14 -9 18 20 -18 -1 -19 29 22 23 -15 -3 -2 -27 -4 -10 -17
right_child=1 4 5 8 -6 6 -8 13 28 -11 -12 -13 -14 21 -16 16 17 19 -20 -21 -22 -23 -24 -25 -26 26 -28 -29 -30 -31
leaf_value=-0.11756123285733118 -0.1398400166027815 0.060134686085608895 -0.096598457196582443 -0.088575070163476544 0.11486357288410967 0.014445587958747105 -0.056793930251675687 -0.10643993976836248 0.047180344215535255 -0.12410696630432694 0.064586897633534854 -0.097397201148870557 0.10042408212329311 0.046643883776459096 0.0074272703949233437 -0.059272294257809603 0.18824406391948539 -0.14840634773898617 0.10692905558686375 0.064773264603965902 -0.1410389875681394 -0.045676799671033053 0.071279710170432567 -0.19002678064507375 0.099152152874962041 -0.00034154413298379937 -0.10573770702180244 0.050171602191639887 0.10626819124736342 -0.10834334224649665
leaf_weight=252.60215026279911 5.8743101656436911 177.98291130177677 55.413954182993621 5.340717998333278 199.22413467615843 46.927335458807647 65.418560746125877 7.0675500780344001 147.03758815210313 7.5383476428687564 19.925775578711182 14.281149583868681 8.9720859080553037 5.9651369601488096 116.99172267084941 59.14804885815829 5.6093809790909281 6.1473257634788734 3.2473482117056838 3.7796096419915557 34.334429333452135 9.3512231335043889 57.516066271811724 3.2982185781002045 80.849816929548979 57.952573914080858 9.9562218654900771 4.0834727846086016 25.135362569242716 61.398335916455835
leaf_count=4456 55 567 834 46 468 373 965 91 564 53 86 127 45 35 785 884 10 130 14 23 658 58 220 21 213 362 71 39 85 1036
internal_value=1.26069e-10 0.0543045 -0.0871854 0.0209945 0.0908249 -0.0476336 -0.0270369 0.00355556 0.0462816 -0.00370896 0.0322122 -0.0245675 -0.0119991 0.0171874 0.000940353 -0.10313 -0.0857425 0.0250026 -0.114712 -0.0672397 -0.0968515 0.0436629 0.0561732 -0.0376227 0.0723223 -0.0256699 -0.0157939 -0.0865252 0.0558065 -0.0842658
internal_weight=1558.37 960.261 598.11 502.204 458.057 171.843 112.346 297.226 204.978 32.8048 25.2665 97.0363 82.7552 200.19 124.059 426.267 170.417 15.5363 255.849 9.92694 154.881 76.1306 66.7794 9.26336 258.833 73.7831 67.9088 59.4974 172.173 120.546
internal_count=13374 3952 9422 2704 1248 2211 1338 1870 834 185 132 660 533 1210 876 7211 2741 163 4470 153 2578 334 276 56 780 488 433 873 649 1920
is_linear=0
shrinkage=0.1


Tree=5
num_leaves=31
num_cat=0
split_feature=1 1 1 5 1 1 5 2 3 3 5 5 4 4 3 0 2 1 1 0 4 4 3 5 5 4 4 4 0 0
split_gain=572.48 105.771 25.7319 18.3375 15.986 10.9723 9.32422 8.98013 9.37097 8.86299 8.31345 8.03514 7.51943 7.51098 7.70045 7.23713 11.0887 8.30025 6.94779 6.78103 6.74587 9.04051 7.1758 6.77275 7.3146 6.65601 6.62957 10.5525 11.693 7.68587
threshold=0.75071670000000013 0.83893512500000011 0.72336745000000013 0.74136080000000015 0.89933658000000016 0.78966975000000017 0.6096351000000001 22.358635000000003 0.68759000000000003 0.81400297500000007 0.65073239500000013 0.78408907500000014 13.954574750000001 6.7513530000000008 0.76590955500000013 273.4872400000001 11.055900500000002 0.81180190000000019 0.77882887000000001 567.32445000000018 2.8033341000000003 3.1141622000000004 0.70756900500000008 0.73275767500000011 0.6967570700000002 5.8607022000000013 21.027906500000004 15.391344500000001 220.83456000000004 80.648527500000014
decision_type=2 2 2 2 2 2 2 2 2 2 2 2 2 2 2 2 2 2 2 2 2 2 2 2 2 2 2 2 2 2
left_child=2 3 9 5 11 7 -4 12 -9 -1 -10 -3 18 25 -15 16 -5 -17 -2 -16 -8 -22 -23 24 -24 -7 27 28 -18 -29
right_child=1 4 6 15 -6 13 20 8 10 -11 -12 -13 -14 14 19 17 26 -19 -20 -21 21 22 23 -25 -26 -27 -28 29 -30 -31
leaf_value=-0.10190402616687103 -0.015768710179820424 0.056042411304072906 -0.1709125792027851 -0.03993129790247929 0.11279768126389714 0.0045218191968837912 -0.10801676152173363 0.10019421104844806 -0.11753737907044558 0.11068782416932202 0.0041649714524819295 0.091643155442847984 -0.13827822171395129 0.062074443906695725 -0.0055205916731664922 -0.017211892748322574 0.057807152784769146 0.11301846041232125 -0.096089401262371962 0.11236157723545113 0.10671323880768882 -0.013140397848916272 -0.05670441471054119 -0.0021625778906043769 -0.1392383457161846 -0.1067359245609012 0.093446977212233662 -0.08322130726203289 -0.08219221237800671 0.018027061775044304
leaf_weight=353.33469630382024 60.336679869331419 152.18303114362061 6.1400077096186569 18.927967250579968 139.63865160569549 24.338934685103599 15.070221692789344 9.4937051003798825 6.0511869490146628 1.9719878137111653 77.484089405741543 108.66800096072257 7.042221898213028 53.866512790322304 44.205484828911722 6.1865478940308121 95.786066513508558 23.424927555024624 13.109271046705542 5.4852865524590007 4.220663057640194 49.035338782705367 38.464179110014811 14.258833751082419 14.896793214604257 6.9020170662552109 20.957016754895449 11.166612857952712 6.3621171489357939 22.818003112450242
leaf_count=7046 549 517 86 145 364 154 276 38 102 6 638 315 76 256 239 46 391 68 111 23 41 495 657 132 319 41 69 59 29 86
internal_value=1.14846e-10 0.0469638 -0.0863408 0.0169415 0.0854911 0.00151535 -0.0503731 -0.015112 0.00604857 -0.100724 -0.00465099 0.0708733 -0.0395695 0.0229186 0.0358838 0.040071 0.0323763 0.0858102 -0.030105 0.00749224 -0.0449289 -0.0370634 -0.0422654 -0.0633857 -0.0797454 -0.0200582 0.0410887 0.0330284 0.0490875 -0.015241
internal_weight=1411.83 914.434 497.393 513.945 400.49 308.315 142.086 173.517 93.029 355.307 83.5353 260.851 80.4882 134.798 103.557 205.629 176.018 29.6115 73.446 49.6908 135.946 120.876 116.655 67.6198 53.361 31.241 157.09 136.133 102.148 33.9846
internal_count=13374 4316 9058 3120 1196 2227 2006 1514 778 7052 740 832 736 713 518 893 779 114 660 262 1920 1644 1603 1108 976 195 634 565 420 145
is_linear=0
shrinkage=0.1


Tree=6
num_leaves=31
num_cat=0
split_feature=1 1 1 1 0 0 4 1 3 3 1 2 4 0 1 5 5 4 5 5 1 3 0 1 4 3 0 5 1 3
split_gain=460.439 56.1515 52.3984 14.7971 10.8356 10.4613 9.49618 8.45523 8.0464 7.97297 7.32339 6.94221 8.05609 8.02633 7.29429 7.8315 6.6646 6.75078 6.22135 9.61206 6.22441 10.6175 9.34318 8.47421 8.03996 9.60656 7.4234 7.14518 9.35321 6.92283
threshold=0.77097070500000009 0.83893512500000011 0.72336745000000013 0.88912393000000012 245.01507000000001 567.32445000000018 5.6565653500000002 0.73711478500000005 0.78239202000000019 0.81861090000000003 0.80742062000000014 11.055900500000002 10.886015500000001 57.756603000000005 0.81180190000000019 0.67204380000000008 0.65941155000000007 2.1887998000000004 0.72062492000000011 0.7235659350000001 0.68916405000000014 0.62405527500000002 44.179436500000008 0.6918436200000001 16.813786500000003 0.67641783500000019 25.114917000000002 0.65941155000000007 0.66546822500000002 0.6736938950000001
decision_type=2 2 2 2 2 2 2 2 2 2 2 2 2 2 2 2 2 2 2 2 2 2 2 2 2 2 2 2 2 2
left_child=2 5 9 -3 6 11 8 -8 -4 18 -7 12 13 14 15 -2 -10 -18 20 -20 22 26 -1 24 25 -23 -22 29 -29 -24
right_child=1 3 4 -5 -6 10 7 -9 16 -11 -12 -13 -14 -15 -16 -17 17 -19 19 -21 21 23 27 -25 -26 -27 -28 28 -30 -31
leaf_value=-0.12437249442479706 0.059724276811948834 0.06279804419200255 -0.069998240407284695 0.10359079047506797 -0.1231723710425383 -0.011425902941271078 -0.056721860721339695 -0.0014476137562429848 0.11630727148067169 0.16052411003364775 0.1300059910952735 0.026410834316068124 0.030212768415577497 -0.11951517704130468 0.10899074093698949 -0.12301009585894809 0.11061389961637805 -0.16298721915748038 0.096466244772060186 -0.084280371678475019 0.14527475317088903 0.052697411621358395 -0.1359041148560047 -0.095526278475650206 0.1421428503954518 -0.1404189928216881 -0.14124916237019536 0.099263273725056528 -0.094666725662009718 -0.055198101939589683
leaf_weight=128.03946392773651 3.88098341971636 205.79311523772776 63.217887368286029 156.57978188991547 12.494003251194952 4.8402938470244434 35.72209609625861 122.84308231342584 4.5401688776910287 1.2269200980663288 15.028764134272931 302.99319620337337 20.813178244978189 10.679536612704394 4.037646457552909 5.927251398563385 1.4275846853852274 2.4486432122066617 4.2215177910402408 9.7090173382312042 3.3620566073805085 4.8112092316150648 19.584674908779562 110.67084812815301 2.7325357161462298 5.5443077497184277 1.2369021382182834 4.9573661480098945 4.9906307398341596 23.241560565773398
leaf_count=2874 15 728 1000 468 224 35 588 1213 23 4 55 1617 126 79 22 79 10 40 33 224 31 58 530 2496 12 132 34 42 124 458
internal_value=1.26123e-10 0.0524788 -0.0676158 0.0804244 -0.0324741 0.0249756 -0.0275514 -0.0139 -0.0577694 -0.0939121 0.0955518 0.0209499 -0.0155452 -0.0543772 -0.00413529 -0.0507046 0.0340844 -0.062222 -0.0948783 -0.0295068 -0.0978237 -0.0809833 -0.109779 -0.0865275 -0.0104353 -0.0506964 0.0682134 -0.0743713 0.00197404 -0.0921054
internal_weight=1297.6 730.574 567.022 362.373 242.693 368.201 230.199 158.565 71.6343 324.329 19.8691 348.332 45.3386 24.5254 13.8459 9.80823 8.4164 3.87623 323.102 13.9305 309.172 128.358 180.814 123.759 13.0881 10.3555 4.59896 52.7742 9.948 42.8262
internal_count=13374 3224 10150 1196 3098 2028 2874 1801 1073 7052 90 1938 321 195 116 94 73 50 7048 257 6791 2763 4028 2698 202 190 65 1154 166 988
is_linear=0
shrinkage=0.1


Tree=7
num_leaves=31
num_cat=0
split_feature=1 1 1 5 1 0 2 3 3 0 3 5 0 0 2 0 1 1 4 2 3 2 5 0 4 0 5 2 4 3
split_gain=360.121 64.459 22.8322 12.1732 10.9465 10.1253 9.82191 8.83372 10.6441 8.73386 7.78537 7.53363 8.59543 6.65922 6.68017 6.63023 6.31069 6.89928 6.41904 7.05928 7.01897 6.15813 6.07747 6.0194 5.81296 5.76637 11.5617 12.3119 5.73533 5.8721
threshold=0.75619078000000017 0.8411601700000001 0.72336745000000013 0.79269111000000014 0.79622697000000009 567.32445000000018 1.3870958000000002 0.83525800000000017 0.80985975500000007 167.46580000000003 0.78781807000000004 0.70327508500000013 237.75761500000002 8.3411245000000012 22.358635000000003 984.05290000000014 0.88464560000000014 0.87449502000000012 16.488641500000004 28.578539500000002 0.78549588000000015 11.055900500000002 0.72062492000000011 393.96455500000008 6.9836483000000014 314.88679500000006 0.75497127000000008 48.848514500000007 2.5557205500000006 0.69663059500000013
decision_type=2 2 2 2 2 2 2 2 2 2 2 2 2 2 2 2 2 2 2 2 2 2 2 2 2 2 2 2 2 2
left_child=2 4 10 16 7 25 -5 8 11 28 22 13 21 14 -2 -8 17 18 -3 -20 -21 -13 -1 -22 -23 -6 27 -27 -4 -30
right_child=1 3 9 6 5 -7 15 -9 -10 -11 -12 12 -14 -15 -16 -17 -18 -19 19 20 23 24 -24 -25 -26 26 -28 -29 29 -31
leaf_value=-0.094643506817166934 -0.034880198251120813 0.07202622258766693 -0.099679589712822397 -0.053538466644669803 0.031079264130736819 0.10326700269537355 0.10654373367363856 0.095316684021731879 -0.11793745008944723 -0.125003613137779 0.023295095486826352 -0.048027715091602731 -0.10469873182635139 -0.032135539448528837 0.15198210019793629 0.021148454668621197 0.08454896837456051 -0.019372365616343482 -0.067410233249466614 0.13234037920661534 -0.042557541614363641 0.07705996087247266 -0.020739863719935032 0.06574299928099632 0.018110315555943109 -0.14048761897478887 0.077082648106498036 0.030176576812336327 0.0017743978213677278 -0.043418413319041414
leaf_weight=267.49927232321352 3.5571009069681159 64.335204714909196 12.218058257829396 4.2435756102204314 198.20821198285557 18.003427732735872 135.33076319284737 9.2144394544884545 7.9865915803238741 11.466185176745055 6.028213766636326 10.515112658962606 5.4439660161733618 73.655952959787101 4.1394817978143692 9.7468673288822156 56.839263590052724 15.028932573273776 7.4778433442115775 6.5661116018891361 9.9009503815323132 22.326278008986264 11.610299185849724 10.654969953000544 66.70659020729363 9.7209217641502672 8.3599871620535833 7.4794692136347285 43.691349776927382 84.079976251814514
leaf_count=6751 38 254 272 13 954 68 451 44 84 298 59 146 65 724 11 31 204 65 27 24 44 125 242 31 427 57 32 33 407 1393
internal_value=-4.73008e-11 0.0413379 -0.0724742 0.0755643 0.0167336 0.0311193 0.0964202 -0.000353735 -0.00489006 -0.0410965 -0.0891409 -4.49313e-05 0.0176542 -0.022887 0.0656206 0.100807 0.0573314 0.0437567 0.0533464 0.018613 0.0423306 0.0243453 -0.0915693 0.013579 0.0328928 0.0253146 -0.0193876 -0.0662755 -0.0342239 -0.0279648
internal_weight=1202.04 765.442 436.593 320.124 445.318 241.772 149.321 203.546 194.331 151.456 285.138 186.344 104.992 81.3525 7.69658 145.078 170.803 113.964 98.9351 34.5999 27.122 99.548 279.11 20.5559 89.0329 223.769 25.5604 17.2004 139.989 127.771
internal_count=13374 3952 9422 1144 2808 1144 495 1664 1620 2370 7052 1536 763 773 49 482 649 445 380 126 99 698 6993 75 552 1076 122 90 2072 1800
is_linear=0
shrinkage=0.1


Tree=8
num_leaves=31
num_cat=0
split_feature=1 1 1 1 4 2 0 3 3 5 0 4 3 0 2 3 4 2 0 0 2 1 3 2 1 3 1 5 0 5
split_gain=286.807 58.5418 22.9964 11.664 9.56629 7.80003 6.88261 14.0014 8.6967 7.88232 7.61404 7.53413 6.50066 6.29403 8.21475 7.1358 5.85499 7.90111 4.84778 9.89955 5.79171 8.87333 7.66223 6.72853 5.41986 8.46452 4.80314 5.88507 4.75517 7.33036
threshold=0.75619078000000017 0.83893512500000011 0.72336745000000013 0.88912393000000012 20.601258000000005 20.690135000000005 6.0777758000000004 0.76419390000000009 0.70815670000000008 0.73275767500000011 10.580371500000002 5.7584585000000006 0.81861090000000003 349.72757000000007 3.2562171000000006 0.78343522500000018 21.901307000000003 20.690135000000005 12.384735500000001 12.734677500000002 12.809337000000001 0.67337812000000008 0.64418447000000012 8.2767120000000016 0.69706237500000012 0.69726753000000008 0.74763381500000015 0.67759846500000009 339.16948000000008 0.78212380000000004
decision_type=2 2 2 2 2 2 2 2 2 2 2 2 2 2 2 2 2 2 2 2 2 2 2 2 2 2 2 2 2 2
left_child=2 4 12 16 13 -6 7 -4 10 -10 -8 26 18 14 -2 -15 28 -18 20 -20 21 -1 -23 -24 -25 -26 27 -12 -3 -30
right_child=1 3 6 -5 5 -7 8 -9 9 -11 11 -13 -14 15 -16 -17 17 -19 19 -21 -22 22 23 24 25 -27 -28 -29 29 -31
leaf_value=-0.13522420788939388 -0.09977257426715512 0.0579538900682171 -0.037154775666634228 0.095064610974184741 -0.017768415384466326 0.08723271757831888 -0.16051744858861283 0.12734781105561896 -0.086805710365541272 0.00091775063971184486 -0.072462319714008933 0.023465549340309696 0.15995458566802634 -0.0073967094543179318 0.0068067941553106408 0.084494101122399523 -0.032928777505728361 0.10775223089997273 0.090573055857475854 -0.079671269810122528 -0.12693581754374081 0.054328583153857947 -0.13386331383414396 -0.10033888070299755 -0.13801594715240925 0.12340022217140217 -0.16437877315824206 0.066175017603489913 0.045363688459132037 -0.044626133590783129
leaf_weight=16.147856774739921 7.3937457874417296 97.359831603243947 17.04475950263441 124.25086168758571 9.3929979577660543 28.664528832770884 3.3960301186889401 7.4291614210233083 52.971315839327872 12.698314515408127 10.634899071417751 32.002003830857575 1.0751043260097493 13.839753516949711 330.22727949894033 21.703191081993282 4.5517198182642451 32.479827595874667 3.4904118459671727 159.40853438363411 51.816323003266007 6.3829445410519865 9.2393904561176914 4.4192794880364072 1.7604290018789468 4.1787191312760115 3.3912067227065554 4.2998891919851294 29.697174314409494 13.020633196458219
leaf_count=457 78 415 198 468 63 126 49 41 1291 144 213 321 4 110 2282 97 18 123 38 4537 1466 96 257 105 47 45 58 55 125 47
internal_value=-3.12964e-10 0.0380944 -0.0675616 0.0715763 0.0135574 0.0613173 -0.035529 0.0127807 -0.0454318 -0.0698429 -0.0155927 -0.0058135 -0.0854295 0.00868658 0.00447275 0.0487135 0.0550981 0.0904605 -0.0864566 -0.0760235 -0.104547 -0.0770108 -0.0408293 -0.0718219 -0.016483 0.0459136 -0.0569424 -0.0325471 0.0457496 0.0179343
internal_weight=1114.37 712.582 401.787 301.36 411.221 38.0575 143.868 24.4739 119.394 65.6696 53.724 50.328 257.919 373.164 337.621 35.5429 177.109 37.0315 256.844 162.899 93.9449 42.1286 25.9808 19.5978 10.3584 5.93915 18.326 14.9348 140.078 42.7178
internal_count=13374 3952 9422 1196 2756 189 2370 239 2131 1435 696 647 7052 2567 2360 207 728 141 7048 4575 2473 1007 550 454 197 92 326 268 587 172
is_linear=0
shrinkage=0.1


Tree=9
num_leaves=31
num_cat=0
split_feature=1 1 1 1 5 3 0 4 3 3 2 0 0 0 5 0 3 0 1 0 3 4 0 2 4 5 2 3 3 5
split_gain=235.694 50.5165 18.9264 9.95575 7.3266 6.30458 7.26344 6.02872 6.80228 6.30374 6.26888 5.68898 6.6497 5.58908 5.58903 5.57281 5.4179 5.27836 5.21194 5.15563 5.08165 5.76563 7.30516 7.55411 4.84629 4.55109 4.26943 4.14975 4.32762 4.04365
threshold=0.75619078000000017 0.83893512500000011 0.72336745000000013 0.88912393000000012 0.74136080000000015 0.7903820250000001 567.32445000000018 5.1297710000000007 0.65945792000000003 0.78924110000000014 4.1024003000000011 49.064963500000005 2.9249758000000003 725.33446500000014 0.75904440000000017 455.41517500000003 0.78781807000000004 167.46580000000003 0.81878554500000011 29.171667000000003 0.78549588000000015 5.7584585000000006 265.06803000000008 40.462600500000008 3.2297241500000005 0.72062492000000011 12.502526500000002 0.7516254200000001 0.79604065000000002 0.72843420500000011
decision_type=2 2 2 2 2 2 2 2 2 2 2 2 2 2 2 2 2 2 2 2 2 2 2 2 2 2 2 2 2 2
left_child=2 4 16 5 24 20 15 9 -9 -4 -10 12 -6 -8 -14 -7 25 -12 27 -20 21 -3 -23 -24 26 -1 -2 -16 -29 -27
right_child=1 3 7 -5 11 6 13 8 10 -11 17 -13 14 -15 18 -17 -18 -19 19 -21 -22 22 23 -25 -26 29 -28 28 -30 -31
leaf_value=-0.087404286388009039 -0.11345796845724442 -0.059718585171826849 -0.081088725761894742 0.091106068657205427 0.10501411839655322 0.071763075988766925 -0.064270830451661806 0.060912152225570483 -0.16643441552548022 0.072230609694141759 -0.018127311778796441 0.039979286793227556 0.040224462615287039 0.055705118076773863 -0.15970148461760675 0.16018980894279344 0.016614015289315814 -0.11451177651479344 -0.073091998249334475 0.070562082976716206 -0.063293440421336208 0.068276640642065553 -0.081751292847919779 0.070801447960261013 0.0057445529691838677 0.048479445730020061 -0.016341596727384663 0.013618665977152236 -0.11559975637957987 -0.080407419215199005
leaf_weight=215.29808323737234 6.2140181530267027 5.6125583685934535 34.295803254004568 112.00574521720409 5.0256403796374789 75.03199163172394 6.5633488576859262 9.0245886631309968 3.2544799521565428 2.9091376047581425 79.356657831929624 118.30954250693321 11.50197711214423 9.507437374442814 4.6593303792178657 7.875026110559701 5.4402768202126017 6.1199700888246289 4.265593469142912 6.0300155021250248 5.5667114034295073 39.84330135397613 7.6837762221693975 5.6201673187315464 210.39418743271381 4.7530702855437976 16.671234225388616 5.6005005985498411 4.8244398757815361 4.9894596897065639
leaf_count=6751 69 23 784 468 24 342 36 73 57 35 1228 592 86 32 37 25 59 193 26 26 34 175 39 22 1652 71 172 33 39 171
internal_value=-3.03373e-10 0.0352875 -0.0645808 0.0681443 0.0122992 0.0523956 0.0682356 -0.0348409 -0.0218021 -0.0691003 -0.0302148 0.0287643 -0.00289688 0.00670664 -0.0176012 0.0801624 -0.0819953 -0.0250283 -0.0438073 0.0110445 0.0280229 0.0366739 0.0468533 -0.0173063 0.000990898 -0.0843792 -0.0427115 -0.0812459 -0.0461809 -0.0175276
internal_weight=1034.25 668.807 365.442 275.31 393.496 163.304 98.9778 134.961 97.7557 37.2049 88.7311 160.217 41.9075 16.0708 36.8819 82.907 230.481 85.4766 25.3799 10.2956 64.3265 58.7598 53.1472 13.3039 233.279 225.041 22.8853 15.0843 10.4249 9.74253
internal_count=13374 3952 9422 1196 2756 728 435 2370 1551 819 1478 863 271 68 247 367 7052 1421 161 52 293 259 236 61 1893 6993 241 109 72 242
is_linear=0
shrinkage=0.1


Tree=10
num_leaves=31
num_cat=0
split_feature=1 1 1 4 4 5 4 3 3 0 5 4 4 4 0 0 0 2 2 3 1 2 1 5 1 4 4 4 4 2
split_gain=197.765 36.2045 26.7205 7.14131 7.03643 6.18242 7.03836 4.83189 4.59306 4.46228 4.38123 6.15289 5.29779 4.6025 4.30555 4.34565 10.6399 5.44941 6.03836 4.30262 4.73621 4.1944 4.34097 4.80699 4.04698 10.2021 5.77252 4.47674 5.35072 4.47007
threshold=0.7698062750000001 0.85237360000000006 0.72336745000000013 5.6565653500000002 20.601258000000005 0.78212380000000004 7.8875875000000013 0.81861090000000003 0.84791922500000017 11.479343000000002 0.73169077000000005 9.076875750000001 5.964437450000001 12.384074500000002 665.59275000000014 259.35831500000006 130.15641500000001 79.712077500000007 62.997665500000004 0.78239202000000019 0.72419463500000003 13.395473000000001 0.96505285000000007 0.81354607000000012 0.78966975000000017 13.746811000000003 19.010242500000004 6.7513530000000008 5.8077631000000016 20.357411000000003
decision_type=2 2 2 2 2 2 2 2 2 2 2 2 2 2 2 2 2 2 2 2 2 2 2 2 2 2 2 2 2 2
left_child=2 4 7 19 8 6 -3 9 24 -1 12 -12 -5 -13 15 16 -8 18 -17 20 -4 -7 23 -23 25 29 -27 28 -26 -2
right_child=1 5 3 10 -6 21 14 -9 -10 -11 11 13 -14 -15 -16 17 -18 -19 -20 -21 -22 22 -24 -25 27 26 -28 -29 -30 -31
leaf_value=-0.099546842375066127 -0.027810952963129323 0.11427479896876441 0.084694259171214287 0.05766286326516859 0.05891219149495696 0.024288822342237514 -0.0029674096734531178 0.14945050308293115 0.067628277100707401 -0.068654316077804797 -0.070622083148093304 0.07027551851607676 -0.031311532686047021 -0.0092160045629617413 0.1055975824008536 0.0086946015408793393 0.10989123989222326 0.084262013315064554 -0.11062314618604017 0.021735701276344808 -0.072051238679194801 0.078129945718777349 0.027834834432929313 0.12334834999561395 0.0076184724081514738 -0.14249661183610804 0.055173095855501501 0.024991471457069678 -0.082180652205034288 0.025022999318786189
leaf_weight=70.033286241698079 25.2119179982692 15.221409618854521 2.0075537618249646 7.223644455894827 40.368908315431327 9.4308608025312406 16.316062431782484 0.93056036531925101 15.552111279219387 140.68512301216833 6.7021376676857463 16.64399939309806 90.950670085847378 12.951493827626107 8.6226792968809587 17.164034684188671 17.117142550647259 6.3031292930245391 5.6334882937371722 6.3152876042295238 48.467142594046891 47.891928642988205 9.0556722935289127 46.177204545587301 29.433883454184979 7.7063833642750961 1.8277452141046522 188.93181371130049 8.5666263531893474 43.891778440214694
leaf_count=2347 260 59 17 81 206 49 91 4 66 4701 76 111 1485 147 39 85 87 27 24 79 1050 216 45 214 217 93 12 1056 62 368
internal_value=2.15372e-10 0.0384178 -0.0534368 -0.0263466 0.0195627 0.0726801 0.0525565 -0.0779175 0.014616 -0.0789216 -0.0137894 0.015896 -0.0247648 0.0354887 0.039354 0.0302198 0.054814 0.00196403 -0.02079 -0.0560807 -0.0658169 0.0881235 0.0939613 0.100327 0.0119179 -0.00763188 -0.104602 0.0186924 -0.0126253 0.00574696
internal_weight=963.336 560.425 402.911 191.262 361.491 198.934 86.3779 211.649 321.122 210.718 134.472 36.2976 98.1743 29.5955 71.1565 62.5339 33.4332 29.1007 22.7975 56.79 50.4747 112.556 103.125 94.0691 305.57 78.6378 9.53413 226.932 38.0005 69.1037
internal_count=13374 3276 10098 3046 2340 936 412 7052 2134 7048 1900 334 1566 258 353 314 178 136 109 1146 1067 524 475 430 2068 733 105 1335 279 628
is_linear=0
shrinkage=0.1


Tree=11
num_leaves=31
num_cat=0
split_feature=1 1 1 0 5 1 0 0 5 5 3 5 3 1 1 3 0 0 3 1 5 3 4 5 0 3 1 5 3 0
split_gain=165.759 37.8838 13.1144 11.0673 10.6848 9.15215 7.27926 6.11371 9.6449 8.35536 11.4823 7.11834 7.14742 9.02486 7.42022 6.03851 5.99459 6.62772 5.80427 6.72748 8.02903 5.25537 5.10099 4.96436 6.73119 5.44414 4.9055 4.99368 4.62239 6.77604
threshold=0.75619078000000017 0.83893512500000011 0.68916405000000014 44.179436500000008 0.6557639850000001 0.88912393000000012 567.32445000000018 71.179533000000006 0.66626347500000016 0.66570175000000009 0.76512538500000005 0.74301946000000008 0.69032813500000012 0.71562350000000008 0.74399090000000012 0.80504035000000007 83.910135000000011 167.46580000000003 0.6736938950000001 0.66143608000000009 0.6087152950000001 0.62405527500000002 9.076875750000001 0.77814960000000011 29.171667000000003 0.84333838000000017 0.66856430000000011 0.70027398000000007 0.76512538500000005 155.38292500000003
decision_type=2 2 2 2 2 2 2 2 2 2 2 2 2 2 2 2 2 2 2 2 2 2 2 2 2 2 2 2 2 2
left_child=2 6 3 -1 18 15 23 9 -9 10 21 12 13 -11 -15 -3 -10 -18 -5 20 -20 -4 -13 25 -25 28 -6 -28 -2 -30
right_child=1 5 7 4 26 -7 -8 8 16 11 -12 22 -14 14 -16 -17 17 -19 19 -21 -22 -23 -24 24 -26 -27 27 -29 29 -31
leaf_value=-0.10836154960260885 0.011218474520715664 0.02787298598058327 0.10345191821765397 -0.12675484676222668 0.1076381397614674 0.088735876684509843 0.07700375917394571 -0.11701125360364964 -0.14179447864770517 -0.13032759875126354 0.093334738600746203 -0.092824255743008635 -0.090538989375745005 0.051037895041555106 -0.13215090218581577 0.069900157054421264 0.021320917006795673 -0.099854202217875665 0.12055336055089423 -0.090556431687339886 -0.13563779568780265 -0.030909092335471025 0.047681288872761671 -0.045141026244882247 0.052475412736098861 0.08898466682528354 -0.12507235993115823 0.10870026866828347 0.0043280317957130219 -0.046579556347776392
leaf_weight=74.19903247943148 170.8868764527142 73.260050643235445 3.0621208250522605 11.546641050372275 5.7783063370734435 88.399799491278827 16.105009719729424 25.553309797076508 4.1610113782808211 5.4762164894491461 9.5809819739079085 3.4944927562028161 46.486470437142998 12.706666089594362 2.6769911218434563 64.101242094300687 16.751353705767546 6.178608674556016 4.3531522862613192 8.1625352823175472 1.7014342453330753 59.025225300341845 9.9152928283438069 8.430715970695017 43.572155660949647 7.195171724073588 2.4393885377794509 1.4610553774982689 68.909788198070601 42.132635880727321
leaf_count=2921 1446 394 45 522 66 468 101 975 127 231 113 55 1449 148 35 334 390 211 63 313 61 1458 102 59 218 37 123 14 542 353
internal_value=1.00607e-10 0.0315716 -0.0584856 -0.0864033 -0.0404337 0.0636376 0.0113067 -0.0435591 -0.0729393 -0.0334118 -0.00855881 -0.0554681 -0.0687162 -0.0200839 0.0191602 0.0474855 -0.0313689 -0.0113304 -0.0740868 -0.0313117 0.0485596 -0.0242825 0.0110666 0.00820506 0.0366498 0.00308889 0.0491472 -0.0375042 0.00089673 -0.0149877
internal_weight=897.704 582.993 314.71 109.642 35.4425 225.761 357.232 205.069 52.6443 152.424 71.6683 80.7561 67.3463 20.8599 15.3837 137.361 27.091 22.93 25.7638 14.2171 6.05459 62.0873 13.4098 341.127 52.0029 289.124 9.67875 3.90044 281.929 111.042
internal_count=13374 3952 9422 4083 1162 1196 2756 5339 1703 3636 1616 2020 1863 414 183 728 728 601 959 437 124 1503 157 2655 277 2378 203 137 2341 895
is_linear=0
shrinkage=0.1


Tree=12
num_leaves=31
num_cat=0
split_feature=1 1 1 3 5 2 3 1 1 3 3 4 4 0 4 5 2 5 4 3 2 3 1 3 0 0 0 4 0 5
split_gain=137.735 32.7858 16.6561 9.51182 6.62442 5.45239 6.50125 4.81825 4.77892 5.94937 4.55297 9.09707 5.99868 5.73363 5.52155 7.04531 8.20512 5.12638 6.41605 7.52348 5.16583 4.76197 7.22713 4.49566 4.46603 4.31393 6.68187 4.2212 6.18684 6.37298
threshold=0.79622697000000009 0.73711478500000005 0.88912393000000012 0.78781807000000004 0.64821208000000008 3.0284444000000001 0.69552075000000013 0.6567651000000001 0.96505285000000007 0.86719357000000008 0.80504035000000007 13.543270000000001 12.723835000000003 27.481540500000005 8.0842220000000022 0.73608090000000004 43.766929000000012 0.69226980000000016 10.244075500000003 0.71347772500000006 49.865843000000005 0.71164310000000008 0.82020127000000009 0.83525800000000017 90.82433300000001 26.943737000000002 20.302949000000002 10.733296000000001 64.370615000000015 0.58290255000000013
decision_type=2 2 2 2 2 2 2 2 2 2 2 2 2 2 2 2 2 2 2 2 2 2 2 2 2 2 2 2 2 2
left_child=1 3 10 7 25 -6 -7 24 -4 -10 11 12 17 -12 -15 16 -16 21 19 -19 -21 -2 -23 -8 -1 26 -3 28 29 -9
right_child=2 4 8 -5 5 6 23 27 9 -11 13 -13 -14 14 15 -17 -18 18 -20 20 -22 22 -24 -25 -26 -27 -28 -29 -30 -31
leaf_value=-0.11286956057548435 0.12582628141679281 -0.087764861577719136 0.09258078273798194 0.044428957902844207 -0.13414154771236109 0.035622288324582745 -0.015030916487317775 0.046759548112937012 0.11391619564681606 -0.054820132906382706 -0.048241699178082631 0.048288639512043506 -0.085588073737621409 0.11698356780171396 0.090421986780018143 0.06011758079551182 -0.062669190558096097 -0.13852102623411439 0.034321858954012956 0.0023804181778368651 -0.10361456447743533 -0.034305159942239115 0.1050538027794727 0.06290835814538874 -0.0073007105994456704 -0.094266629931504808 0.11238591385379855 -0.092410711533743015 -0.090577398158968175 -0.048728862084650937
leaf_weight=34.012945657363161 6.5761929266154793 3.6991070341318872 71.863888857886195 7.7428063275292507 3.2251262171193948 35.722573772072792 158.64100493583828 7.5048833193723103 3.5261787548661214 5.1287857834249735 5.6231300644576541 89.208717948757112 6.7725844457745543 12.75290611758828 5.16544842720032 70.418294480070472 10.864417982287703 4.9769659973680964 33.864434600807726 41.942352199461311 5.1641339669004074 8.8851497247815114 6.4030755385756484 7.7629919210448852 4.5424556136131278 14.587960247881709 3.0376466121524572 35.394122385070659 34.815658619627357 101.76215782249346
leaf_count=1603 27 61 416 119 75 320 2104 135 18 34 40 487 66 66 30 377 78 49 195 267 36 63 39 46 146 348 20 1508 1405 3196
internal_value=-1.42699e-10 -0.0375179 0.0436222 -0.0644904 -0.0106526 -0.00514369 -0.00308541 -0.0683584 0.0841262 0.0139259 0.0330547 0.0243436 0.00570148 0.0499903 0.0555585 0.046497 -0.0133372 0.0114361 0.000437902 -0.0215933 -0.00923947 0.0546696 0.0240617 -0.0113949 -0.100432 -0.0637017 0.00248444 -0.0614683 -0.0538673 -0.0421703
internal_weight=841.588 452.451 389.137 225.775 226.676 205.352 202.127 218.032 80.5189 8.65496 308.618 203.794 114.585 104.824 99.2011 86.4482 16.0299 107.812 85.9479 52.0835 47.1065 21.8644 15.2882 166.404 38.5554 21.3247 6.73675 179.477 144.083 109.267
internal_count=13374 11086 2288 8112 2974 2545 2470 7993 468 52 1820 1229 742 591 551 485 108 676 547 352 303 129 102 2150 1749 429 81 6244 4736 3331
is_linear=0
shrinkage=0.1


Tree=13
num_leaves=31
num_cat=0
split_feature=1 1 1 0 1 5 1 0 0 5 3 5 2 2 1 3 1 5 5 3 5 4 4 2 5 0 0 0 0 5
split_gain=109.793 30.1202 9.78008 9.13298 7.39272 6.66907 5.91727 6.07852 5.87563 6.93845 7.80859 6.23971 6.80864 7.94329 5.45596 5.12574 6.23903 5.66821 4.97844 6.29258 7.38969 5.58058 10.2536 4.86795 4.65922 4.58131 6.88981 4.53605 4.62141 4.46569
threshold=0.75071670000000013 0.83893512500000011 0.68916405000000014 44.179436500000008 0.88912393000000012 0.6557639850000001 0.79622697000000009 567.32445000000018 71.179533000000006 0.66509915000000019 0.76512538500000005 0.66626347500000016 5.4186535000000005 34.87393800000001 0.74468338000000012 0.6736938950000001 0.66143608000000009 0.6087152950000001 0.60589075000000003 0.62405527500000002 0.62188732000000013 3.6313865000000001 8.2011645000000026 43.317700000000009 0.64821208000000008 32.441049500000005 2.9249758000000003 136.93053000000003 143.16581000000002 0.70327508500000013
decision_type=2 2 2 2 2 2 2 2 2 2 2 2 2 2 2 2 2 2 2 2 2 2 2 2 2 2 2 2 2 2
left_child=2 6 3 -1 -3 15 29 25 9 10 18 14 -13 -14 -10 -5 17 -17 -4 -20 -21 -22 24 -15 -23 26 -8 -18 -29 -2
right_child=1 4 8 5 -6 -7 7 -9 11 -11 -12 12 13 23 -16 16 27 -19 19 20 21 22 -24 -25 -26 -27 -28 28 -30 -31
leaf_value=-0.1029276591450107 -0.022880540486026738 0.042136647272633693 -0.098558338277118795 -0.1227514194815264 0.082552781481037105 0.038030198696527906 0.11132650976061294 0.089850086267883003 -0.1334032857613775 -0.051827100711848886 0.087024744785332786 0.15597839290705598 -0.11091268105493804 0.088759984757821389 0.02987721825366299 0.10688792166948911 -0.13813896824633817 -0.12894568932499187 0.14503232676150393 0.064494024457281349 -0.10842871793221585 -0.038352976182871881 -0.11054949295305568 -0.063773712825376708 0.066429865181028558 0.022376341429160437 -0.055202502283863322 0.17245957246027069 -0.12091557497565551 0.0093736169805372204
leaf_weight=60.288695171009749 77.681954076746479 120.65131639689207 6.7780692046508184 9.1097156554460579 72.425776178948581 8.7218591650016588 2.9322538338601616 11.994593419134615 16.952437266241763 63.35426823713351 8.0792249856749532 1.7205101735889936 10.2835571593605 4.6379296220839006 2.327415511943399 4.4383310880511981 5.0935949112754315 1.3229126818478105 2.5782686173915854 9.0596733028069121 8.3012728053145093 6.8006009734235766 7.733099788427352 3.8118461323902011 11.286145819351075 137.53353929053992 16.267633443698287 1.1451661512255671 1.0109560498967765 95.941168322693557
leaf_count=2921 1056 728 182 522 468 203 15 66 842 1904 103 26 413 72 61 63 228 61 28 192 319 199 319 124 191 871 140 9 76 972
internal_value=-8.6207e-11 0.0257146 -0.0540283 -0.0802849 0.0572973 -0.0360245 0.00790284 0.0212391 -0.0394118 -0.0286863 -0.00450024 -0.0728757 -0.0344017 -0.0518867 -0.113692 -0.0652231 -0.0249443 0.0527352 -0.0185751 -0.00672753 -0.0157889 -0.0371053 -0.0141742 0.0199493 0.0270316 0.0159884 -0.0297698 -0.086675 0.0349027 -0.00505744
internal_weight=790.264 535.428 254.836 91.1312 193.077 30.8425 342.351 168.728 163.704 123.971 60.6164 39.7337 20.4538 18.7333 19.2799 22.1207 13.011 5.76124 52.5371 45.7591 43.1808 34.1211 25.8198 8.44978 18.0867 156.733 19.1999 7.24972 2.15612 173.623
internal_count=13374 4316 9058 4083 1196 1162 3120 1092 4975 3437 1533 1538 635 609 903 959 437 124 1430 1248 1220 1028 709 196 390 1026 155 313 85 2028
is_linear=0
shrinkage=0.1


Tree=14
num_leaves=31
num_cat=0
split_feature=1 1 1 2 3 5 0 2 0 5 5 5 1 4 0 0 0 0 3 1 3 5 0 0 1 0 5 4 4 5
split_gain=89.1356 26.9082 15.629 7.61172 5.14103 5.45282 5.42627 6.26057 5.16722 8.42737 6.49121 5.64582 4.7316 4.07561 7.8271 4.18472 8.12199 4.65353 3.8221 3.67035 3.49602 4.05345 3.80981 3.58241 5.7692 5.71601 4.94963 3.62368 4.06172 4.99885
threshold=0.79129815000000014 0.72336745000000013 0.88912393000000012 3.7285120500000004 0.68835711500000019 0.66626347500000016 55.287602000000007 6.9828490000000007 8.3411245000000012 0.69749272000000018 0.70327508500000013 0.73986112000000015 0.7424438000000001 21.901307000000003 55.287602000000007 265.06803000000008 378.63437500000003 621.00036500000022 0.69308698000000013 0.6567651000000001 0.80504035000000007 0.79572784500000016 27.481540500000005 485.28112500000003 0.80742062000000014 314.88679500000006 0.70988227000000015 19.580944000000002 12.122955000000001 0.72454667500000014
decision_type=2 2 2 2 2 2 2 2 2 2 2 2 2 2 2 2 2 2 2 2 2 2 2 2 2 2 2 2 2 2
left_child=1 19 13 -3 5 12 7 -7 9 -6 -10 -11 -5 20 -15 -16 -17 -18 -12 -1 21 23 -22 25 -25 27 -27 28 29 -2
right_child=2 3 -4 4 8 6 -8 -9 10 11 18 -13 -14 14 15 16 17 -19 -20 -21 22 -23 -24 24 -26 26 -28 -29 -30 -31
leaf_value=-0.097474408890674769 0.025329743533270301 -0.12004487075540174 0.079328183573558184 -0.10930856825657037 0.074094789994572016 -0.15181459367252248 0.10236024193947083 0.034590379572363147 -0.044307061243360833 -0.11109426425688203 -0.15957217094670845 0.045379157112731383 0.0096090974437041451 -0.090206090912764825 0.096529005822030126 -0.11944414697977335 0.12837436088118542 -0.0082977427883970927 -0.00038084060487333146 -0.058932560768405078 -0.043853703831946034 0.056146605179995757 0.044728472587996809 -0.054035071681857595 0.089127306261661043 0.037245999658397096 -0.10777651974784584 -0.069259888897694397 0.035318809486929989 -0.025058449617376008
leaf_weight=31.291845223517157 37.069944414310157 6.3975781621411434 66.384238220751286 4.7404145034961429 14.536373211536558 2.04367313534022 11.012581021524964 15.22172782756388 76.805018834769726 5.6206970456987602 1.5381617750972498 3.910059804096818 11.374045071192084 3.3434837572276583 22.028583806939423 2.9960318058729163 5.6427808962762338 4.4606545604765415 77.462431831285357 117.43929612450302 5.2031305320560923 19.769404575228691 72.617060914635658 3.7226246334612361 11.543497469276188 3.3391228020191175 7.9724728036671877 5.6546245254576197 48.533268580213189 41.990290783345699
leaf_count=1750 282 164 468 145 159 29 79 141 1795 109 28 46 142 30 116 23 28 27 1041 5302 36 126 471 19 61 32 70 45 315 295
internal_value=3.14071e-10 -0.0338761 0.0354772 -0.0124911 -0.00942292 0.0210541 0.047511 0.012526 -0.0169446 0.02618 -0.023606 -0.0468999 -0.0253731 0.025639 0.0559975 0.0699132 0.025155 0.0680338 -0.00348034 -0.0670415 0.0211018 0.0134305 0.0388058 0.00814681 0.0542173 0.00328157 -0.0649666 0.00907524 0.0125469 -0.00143232
internal_weight=741.665 379.394 362.271 230.663 224.265 44.3924 28.278 17.2654 179.873 24.0671 155.806 9.53076 16.1145 295.887 38.4715 35.1281 13.0995 10.1034 79.0006 148.731 257.415 179.595 77.8202 159.826 15.2661 144.56 11.3116 133.248 127.594 79.0602
internal_count=13374 10930 2444 3878 3714 536 249 170 3178 314 2864 155 287 1976 224 194 78 55 1069 7052 1752 1245 507 1119 80 1039 102 937 892 577
is_linear=0
shrinkage=0.1


Tree=15
num_leaves=31
num_cat=0
split_feature=1 1 1 3 0 4 4 2 3 3 0 2 2 3 3 4 5 4 0 0 4 2 2 1 5 0 3 4 2 3
split_gain=75.3203 19.1213 14.3222 6.06894 4.95466 4.20625 4.04744 3.71218 3.61362 4.05734 3.76522 3.65222 3.53697 4.78506 3.93361 3.76213 3.88726 3.51833 3.66177 3.68071 7.07954 4.47555 7.63087 4.6077 6.09519 7.77924 4.27918 4.85311 4.12671 3.59568
threshold=0.7698062750000001 0.85237360000000006 0.72562921000000002 0.78781807000000004 34.962359000000014 5.3798775500000007 20.246718000000005 1.3870958000000002 0.67152833000000012 0.79283582500000016 34.962359000000014 4.2795401000000011 35.752766000000001 0.7769287800000001 0.70570742000000009 7.3337448000000007 0.69021333000000007 19.580944000000002 349.72757000000007 66.460757500000014 16.635694000000004 13.975683750000002 15.163752000000002 0.80204665500000016 0.70833720000000011 220.83456000000004 0.77385722500000009 11.415350000000002 31.209535000000002 0.80504035000000007
decision_type=2 2 2 2 2 2 2 2 2 2 2 2 2 2 2 2 2 2 2 2 2 2 2 2 2 2 2 2 2 2
left_child=2 4 3 -1 12 8 17 -3 10 -10 -4 -12 14 -14 15 16 -2 18 19 20 -6 26 -23 24 28 -26 27 -21 -24 -20
right_child=1 7 5 -5 6 -7 -8 -9 9 -11 11 -13 13 -15 -16 -17 -18 -19 29 21 -22 22 23 -25 25 -27 -28 -29 -30 -31
leaf_value=-0.065128855053880649 0.044081472292906113 -0.064909788554212408 0.086053443834259918 0.04447309227665066 0.042522255334821214 -0.0060170191923481177 0.052833949155880904 0.061131840373650298 -0.069670721195165541 0.059334755577009124 0.13055661245069017 -0.13962746209608703 0.10647097690240635 -0.05079221621848834 -0.053999535827749148 0.080869675580258288 -0.16364546360379553 -0.083128049740378795 0.019365899405903317 -0.071975347325670097 -0.11122072051678689 0.12718299387154688 -0.028727299220116617 0.017488066232827719 0.023716571084712187 -0.15413914322795988 -0.15842046287581835 0.048577180558789401 -0.13854561532175344 0.087669032416975157
leaf_weight=141.70247759344056 1.9258215669542535 2.3800575593486419 3.8519506826996794 5.2389401458203784 46.475256216712296 102.43131525348872 29.464552457910031 128.23454370815307 29.006547591648999 2.6616583042778066 0.67537132278084788 1.9301296221092341 4.615462500602006 3.3312259782105684 24.684469068422914 4.9843256063759327 1.692648086696863 3.716673605144023 19.799551649019122 8.4936116402968782 3.2014417536556712 5.1105246618390074 7.4948287326842529 69.821522862650454 22.167159203439954 2.7661206610500804 2.8803549204021683 5.5029645860195151 6.2964791227132082 12.61961482837796
leaf_count=7145 18 19 48 66 317 1861 188 917 871 34 10 63 22 34 269 38 27 25 153 97 25 28 106 482 194 32 34 49 126 76
internal_value=6.18101e-11 0.0271156 -0.0393918 -0.0612212 0.0126822 -0.0165709 0.0180632 0.0588351 -0.0449259 -0.058828 0.023252 -0.0695931 -0.0193956 0.0405468 -0.0337057 0.0245245 -0.0530891 0.0133277 0.0150137 0.00944767 0.0326142 0.000631268 0.00776656 0.00214424 -0.0255211 0.0039851 -0.0474209 -0.0245783 -0.0788653 0.0459539
internal_weight=705.158 417.659 287.498 146.941 287.045 140.557 245.811 130.615 38.1257 31.6682 6.45745 2.6055 41.234 7.94669 33.2873 8.6028 3.61847 216.346 212.629 180.21 49.6767 130.534 113.657 108.546 38.7246 24.9333 16.8769 13.9966 13.7913 32.4192
internal_count=13374 3276 10098 7211 2340 2887 1932 936 1026 905 121 73 408 56 352 83 45 1744 1719 1490 342 1148 968 940 458 226 180 146 232 229
is_linear=0
shrinkage=0.1


Tree=16
num_leaves=31
num_cat=0
split_feature=1 1 1 0 5 5 4 3 1 3 3 4 0 5 3 0 1 5 1 0 0 4 0 5 1 5 5 2 0 0
split_gain=66.1249 16.4338 7.2588 8.12743 6.00863 5.14909 5.06867 4.34527 4.32175 4.16905 4.12461 3.95015 3.73271 6.57006 4.0239 3.68712 3.65362 3.62362 6.77908 3.57535 7.82569 4.11847 4.46133 3.55145 3.53907 5.27586 3.83857 3.60622 3.45045 3.38291
threshold=0.75619078000000017 0.85237360000000006 0.68916405000000014 44.179436500000008 0.6557639850000001 0.63764678000000019 2.4851183000000003 0.64418447000000012 0.89933658000000016 0.6736938950000001 0.67507780000000006 20.246718000000005 6.0777758000000004 0.69439780000000006 0.76419390000000009 2.9249758000000003 0.66143608000000009 0.56674527000000008 0.67891550000000012 116.50164500000001 98.007855000000021 9.076875750000001 47.082048000000007 0.72258950000000011 0.96505285000000007 0.81873237500000007 0.81354607000000012 65.591340000000017 349.72757000000007 48.411330000000007
decision_type=2 2 2 2 2 2 2 2 2 2 2 2 2 2 2 2 2 2 2 2 2 2 2 2 2 2 2 2 2 2
left_child=2 5 3 17 9 -2 -4 -7 29 -5 19 28 13 14 -12 -15 -11 18 -1 20 21 22 -8 -24 26 -26 27 -10 -9 -3
right_child=1 8 6 4 -6 7 10 11 24 16 12 -13 -14 15 -16 -17 -18 -19 -20 -21 -22 -23 23 -25 25 -27 -28 -29 -30 -31
leaf_value=-0.077999932539406916 -0.073541786794666372 0.11134980807429869 -0.086959510037958349 -0.11934868840986335 0.046847839124470429 -0.13934978122002492 0.042903685419497295 0.005104022815026435 0.087843078459877377 0.047791238735998727 0.00598993865272523 0.045052022707554956 -0.044356018403228246 -0.16599534691034454 0.12185993652082577 -0.013432791699421806 -0.078137620003585581 -0.10516915521945372 0.19473293834416899 -0.13069473061226486 0.17594309613100587 -0.071376895415307326 -0.15347753084668125 0.072190774075111722 0.11600315002795039 -0.06806476016678463 0.12380516277672211 0.00039862581558291316 0.039617436727760469 0.032890371273508523
leaf_weight=4.0703933266922823 7.1574576268903902 5.9472402138635507 15.192443857435135 6.6804476929828551 8.0480428731534612 1.8797176238149393 16.016591170337065 244.99507163953967 15.403145153075458 4.5770454653538746 10.062778680585327 34.520352187566459 86.971567634609528 2.8521483503282061 4.2684497805312267 3.5631813150830567 4.6391697239596397 41.352581349434331 1.1743009313941 1.7866445733234275 2.7355673271231344 6.4153284775093189 2.2934386334381993 1.0020778961479662 2.6669784788973621 3.7420498747378588 17.3946737293154 6.797371555119752 32.850827166810632 72.33453066740185
leaf_count=218 118 43 702 522 203 25 296 2372 127 124 264 253 3394 84 31 96 313 2694 9 128 29 231 79 5 25 27 140 45 248 529
internal_value=-2.32694e-11 0.022267 -0.0443633 -0.070906 -0.0235551 0.010326 -0.0321383 0.0122363 0.0531462 -0.0591982 -0.0261016 0.0131485 -0.0352642 0.00284971 0.040501 -0.0812596 -0.0155976 -0.095238 -0.0169343 0.00652613 0.0151396 -0.00195845 0.0211018 -0.0848579 0.0774711 0.00853112 0.0886299 0.0610693 0.00918468 0.0388511
internal_weight=669.392 445.689 223.702 70.542 23.9447 321.403 153.16 314.246 124.286 15.8967 137.968 312.366 107.718 20.7466 14.3312 6.41533 9.21622 46.5973 5.24469 30.2496 28.463 25.7274 19.3121 3.29552 46.0042 6.40903 39.5952 22.2005 277.846 78.2818
internal_count=13374 3952 9422 4083 1162 3016 5339 2898 936 959 4637 2873 3869 475 295 180 437 2921 227 768 640 611 380 84 364 52 312 172 2620 572
is_linear=0
shrinkage=0.1


Tree=17
num_leaves=31
num_cat=0
split_feature=1 1 1 1 2 3 5 2 2 0 0 4 3 4 0 5 4 1 3 2 2 0 5 5 3 3 3 2 2 3
split_gain=53.8347 12.0603 11.6652 4.02688 6.39546 4.99396 4.22006 4.1438 6.37259 4.53271 5.9058 4.75473 4.19862 3.65463 3.28738 3.44718 3.26724 3.24472 3.09044 3.06258 7.52091 4.21054 4.06701 3.03998 5.79684 3.32497 2.9949 2.97807 2.94513 2.96711
threshold=0.7698062750000001 0.88912393000000012 0.72336745000000013 0.80742062000000014 7.1409570000000011 0.70692730000000015 0.70261002000000017 35.752766000000001 26.667554500000005 40.015767000000004 179.73086500000002 11.204913000000001 0.75238990500000014 5.1297710000000007 55.287602000000007 0.67312312000000019 4.4244709000000011 0.6567651000000001 0.77494407000000021 6.7125087000000008 7.4983208500000007 127.48313200000001 0.7524453350000001 0.58290255000000013 0.7100043250000001 0.62405527500000002 0.81400297500000007 26.667554500000005 58.493551000000004 0.7147115500000002
decision_type=2 2 2 2 2 2 2 2 2 2 2 2 2 2 2 2 2 2 2 2 2 2 2 2 2 2 2 2 2 2
left_child=2 3 17 4 -2 -6 28 8 9 -8 11 -11 -13 14 18 -16 -17 -1 -4 21 -21 22 -5 24 27 -25 -27 -19 29 -7
right_child=1 -3 13 19 5 6 7 -9 -10 10 -12 12 -14 -15 15 16 -18 23 -20 20 -22 -23 -24 25 -26 26 -28 -29 -30 -31
leaf_value=-0.090333372583550231 -0.09441363625150051 0.068709378026416607 -0.037809675560444761 0.12839999417315626 0.051472056330316832 -0.14828433643895222 -0.06498972332200155 0.039312969356920448 -0.081389714764013465 0.094170958957641229 -0.09532370916425488 -0.12287635897530394 0.058870623077163224 -0.0055563142412435092 -0.13202659406996836 -0.073125090620799346 0.11041826979345132 -0.10195895878728399 0.061606397788912651 -0.14060680129115399 0.024494480904659804 0.12546707542387645 -0.037508883566995423 0.034758733055968653 0.12899943099257702 -0.06067880215544294 0.11557276547906398 0.058755485563130649 -0.14833623618763325 -0.01601692524301954
leaf_weight=24.101648750482127 6.4591492591425768 51.994484522845596 18.315700164996091 2.1620944682508689 21.364008219912648 1.8212616071105063 5.584732040762904 29.908584307646379 9.4793284218758327 11.879475511610513 2.8867480503395191 2.2624823488295069 2.9007251933217049 102.43977769417688 6.8492489769123477 3.4470488550141454 1.3495508693158624 3.6319503809791041 3.7705646008253089 2.7997050248086444 190.30777683807537 6.980055920779705 4.6665503326803446 3.980238585965707 2.6982174422591925 86.1045182015514 0.97500436753034492 1.6892563309520481 2.0929389344528309 24.660936055704951
leaf_count=1750 111 468 539 17 170 19 81 251 100 88 44 23 28 2041 297 93 25 169 51 22 1392 33 44 173 32 4856 6 66 49 336
internal_value=5.64271e-12 0.023962 -0.0351282 0.0168733 0.00240655 0.00785212 -0.00211712 0.0119813 -0.0113787 0.0146326 0.0369448 0.0593488 -0.0207697 -0.0149571 -0.0435061 -0.0864972 -0.0214841 -0.0574266 -0.0208374 0.0253541 0.0221008 0.0708498 0.0150214 -0.0494218 0.00960315 -0.05462 -0.0587054 -0.050939 -0.0341386 -0.0251134
internal_weight=639.564 380.211 259.353 328.217 121.3 114.841 93.4772 64.9021 34.9935 25.5142 19.9294 17.0427 5.16321 136.172 33.7321 11.6458 4.7966 123.181 22.0863 206.916 193.107 13.8087 6.82864 99.0792 8.01942 91.0598 87.0795 5.32121 28.5751 26.4822
internal_count=13374 3276 10098 2808 1300 1189 1019 615 364 264 183 139 51 3046 1005 415 118 7052 590 1508 1414 94 61 5302 267 5035 4862 235 404 355
is_linear=0
shrinkage=0.1


Tree=18
num_leaves=31
num_cat=0
split_feature=1 1 1 3 5 0 1 2 0 5 3 2 1 0 0 0 0 5 5 4 4 4 1 2 4 3 1 3 2 5
split_gain=45.7979 14.6846 7.86949 5.50284 4.66695 4.8999 3.43682 3.22836 3.4437 5.45448 3.47374 5.11126 3.57048 5.79868 4.04438 4.01456 3.35291 4.82568 3.9459 3.17022 4.65861 3.08512 3.00022 2.91204 3.27629 3.40073 5.3722 8.36362 4.17785 4.67825
threshold=0.80204665500000016 0.72562921000000002 0.89933658000000016 0.83525800000000017 0.63682270000000007 40.015767000000004 0.6567651000000001 3.5036996000000005 5.0218736500000007 0.67509699000000012 0.69552075000000013 33.482542500000008 0.75143933000000007 160.47194000000005 114.61870000000002 53.217058000000009 26.943737000000002 0.66626347500000016 0.65818178000000016 10.733296000000001 10.646778500000002 8.5765180000000019 0.76867437000000016 24.954780500000002 3.3662174500000002 0.74994802000000016 0.81535232000000013 0.70570742000000009 18.533322500000001 0.73986112000000015
decision_type=2 2 2 2 2 2 2 2 2 2 2 2 2 2 2 2 2 2 2 2 2 2 2 2 2 2 2 2 2 2
left_child=1 6 23 4 5 -3 -1 -6 9 -9 11 12 16 14 15 -14 18 -18 -10 20 -8 -7 -11 24 -2 26 27 -26 -28 -30
right_child=2 3 -4 -5 7 21 19 8 10 22 -12 -13 13 -15 -16 -17 17 -19 -20 -21 -22 -23 -24 -25 25 -27 28 -29 29 -31
leaf_value=-0.087651609916378936 -0.10410224420472287 0.0045017860518825449 0.073173665064612523 0.075957860742190894 -0.089225872429451958 -0.1429650172795571 -0.0386576504938018 0.11281842475731561 0.09080505508861951 -0.047304909457640099 -0.016565156186298967 0.11432055351287987 -0.067754192573207181 0.09583342496603528 -0.17674494520149026 0.053640393314611214 -0.084344798286049974 0.09733852445918427 -0.14190770052385698 -0.081055720516285665 0.14352320048805867 -0.010259173233712567 0.070207674213374413 0.032038928416777489 0.090500761213242256 -0.0055482319962768777 0.092140419352637448 -0.13304831030110406 0.080067769912341352 -0.094868566901164589
leaf_weight=22.032570726412814 2.5219863867387167 6.2123960554599753 38.260924584232271 7.4091694629751137 4.7315293578431001 7.0514288912527245 79.696389621589333 6.1410849019885054 1.1983402501791709 6.4290868504904193 143.96119793166872 4.7796490471810094 8.8144621076062339 3.2316167410463086 2.2106956467032424 3.9427513573318711 1.7440113769844163 9.0388854751363379 1.8588933278806505 18.767697023693472 1.4287885176017869 2.330914968624711 3.2815939709544182 153.26357646426186 2.9119957247748998 43.820683028548956 15.098298391327264 3.9352784138172865 3.1134825944900504 3.0033140368759632
leaf_count=1750 34 141 364 53 146 255 4119 60 13 115 2737 39 100 28 22 41 58 84 47 1321 21 60 32 1146 28 364 107 46 21 22
internal_value=2.89696e-11 -0.0239679 0.0312109 -0.00878771 -0.0116818 -0.0643841 -0.0519025 -0.00760022 -0.00563608 0.0390552 -0.00955484 0.0178551 0.00346443 -0.0256467 -0.0518747 -0.0302359 0.0417451 0.0679533 -0.0506916 -0.0440176 -0.0354491 -0.109996 -0.00759311 0.0241589 0.00792711 0.0118576 0.0390376 -0.0379778 0.0638947 -0.00582502
internal_weight=612.223 346.293 265.93 224.368 216.959 15.5947 121.925 201.364 196.632 15.8518 180.781 36.8193 32.0397 18.1995 14.9679 12.7572 13.8401 10.7829 3.05723 99.8929 81.1252 9.38234 9.71068 227.669 74.405 71.8831 28.0624 6.84727 21.2151 6.1168
internal_count=13374 11242 2132 4031 3978 456 7211 3522 3376 207 3169 432 393 191 163 141 202 142 60 5461 4140 315 147 1768 622 588 224 74 150 43
is_linear=0
shrinkage=0.1


Tree=19
num_leaves=31
num_cat=0
split_feature=1 1 3 4 4 0 3 2 2 3 5 1 0 0 2 5 0 0 3 1 1 4 0 3 1 0 3 4 3 0
split_gain=37.9399 13.785 4.97201 3.95347 4.13611 4.58911 4.55416 4.42395 3.95978 4.04685 5.63867 3.63363 3.44823 4.90503 4.37286 4.27934 4.24967 3.91889 3.49743 4.73219 8.32514 3.46284 3.40009 3.22627 3.72905 3.54638 2.9981 3.05944 4.56437 3.96576
threshold=0.73711478500000005 0.8411601700000001 0.78781807000000004 18.529333000000005 16.635694000000004 67.387840000000011 0.72624240000000018 91.03459500000001 20.690135000000005 0.79158080000000008 0.77814960000000011 0.77211190000000018 132.60498000000004 41.177208500000006 13.975683750000002 0.79572784500000016 265.06803000000008 294.90482000000003 0.83525800000000017 0.96505285000000007 0.91579675000000005 21.425025000000002 174.21514000000005 0.73697829500000001 0.6567651000000001 90.82433300000001 0.6219065250000001 7.9458095000000011 0.79283582500000016 104.07018750000002
decision_type=2 2 2 2 2 2 2 2 2 2 2 2 2 2 2 2 2 2 2 2 2 2 2 2 2 2 2 2 2 2
left_child=2 3 23 4 7 -6 -7 11 -5 -10 22 26 13 -3 -15 -16 -14 21 -19 20 -20 -18 -11 24 25 -1 -2 28 29 -28
right_child=1 12 -4 8 5 6 -8 -9 9 10 -12 -13 16 14 15 -17 17 18 19 -21 -22 -23 -24 -25 -26 -27 27 -29 -30 -31
leaf_value=-0.099758265359796885 0.12471860994703171 0.092345037842425134 0.043439568696382096 -0.032970701548900562 -0.13479933150510612 -0.12816483638199844 0.01726584264909101 -0.1229152364553515 0.078951257353088999 0.014490858041118583 0.083169542346218484 0.01206863579177749 0.081633994811431076 -0.08050709526248033 -0.012933566165666949 0.075261402357425733 0.046645029868482277 0.063396233110130304 -0.01447540084459485 -0.099706057421637406 0.11624082484504519 -0.13950664920724321 -0.13450686539555273 -0.087115183709710331 -0.034624680279547342 0.017870904729615045 -0.031094423081197212 0.0026437987096026979 0.058398361416103675 -0.11612353186524782
leaf_weight=17.008711397764277 1.5583643550053228 6.8018074436113229 6.0811340338550499 7.1192980716004959 4.579068191349509 2.8183134393766514 9.1249183462932688 2.8084384063258758 18.30169386044145 3.0019103493541461 4.8043426983058453 166.23958559893072 31.360939538106322 5.7046103104949024 16.408849698957059 8.2766149532981199 1.7718284912407387 35.131198561284691 13.971547311171895 3.174532512202858 7.4811903042718759 2.2919698655605316 3.1268362109549344 19.073666793410666 96.741050408571027 3.0177862416021517 31.709194560768083 46.340756015153602 4.7213524880353352 6.6324949841946355
leaf_count=1572 17 75 119 95 62 37 84 37 150 27 37 1636 278 44 151 86 27 268 116 24 57 18 34 1185 5091 145 785 806 60 251
internal_value=-2.70249e-10 0.0143509 -0.0450239 0.00290617 -0.0011695 -0.0496853 -0.0170523 0.00191342 0.0339084 0.0501949 0.00205745 0.00327645 0.041402 0.0155823 -0.00159845 0.0166367 0.0514908 0.0366791 0.043141 0.0142466 0.0311091 -0.0583439 -0.0615266 -0.0489841 -0.0427555 -0.0820328 -0.0127919 -0.0151888 -0.0343786 -0.0458031
internal_weight=587.184 445.262 141.922 312.887 276.532 16.5223 11.9432 260.01 36.3541 29.2348 10.9331 257.202 132.375 37.1919 30.3901 24.6855 95.1832 63.8223 59.7585 24.6273 21.4527 4.0638 6.12875 135.841 116.768 20.0265 90.9622 89.4038 43.063 38.3417
internal_count=13374 5262 8112 4118 3775 183 121 3592 343 248 98 3555 1144 356 281 237 788 510 465 197 173 45 61 7993 6808 1717 1919 1902 1096 1036
is_linear=0
shrinkage=0.1


Tree=20
num_leaves=31
num_cat=0
split_feature=1 1 1 0 5 3 1 2 0 5 4 5 4 0 3 4 2 5 2 3 2 5 0 1 5 3 3 1 5 4
split_gain=32.2133 10.4644 5.25336 5.77038 5.34189 5.22501 4.74383 4.26881 3.82022 5.32902 3.40637 3.13567 7.16085 4.70148 3.44264 3.86656 4.02193 4.84197 3.32725 3.2382 3.08426 3.06835 4.38145 2.9674 2.89899 4.46132 3.97706 2.94765 2.87906 3.31063
threshold=0.75619078000000017 0.88912393000000012 0.68916405000000014 44.179436500000008 0.65941155000000007 0.62405527500000002 0.66546822500000002 29.463085500000002 123.934555 0.70186615000000019 5.6995205000000011 0.68244397000000012 6.7513530000000008 116.50164500000001 0.78343522500000018 2.4851183000000003 28.130184500000002 0.64821208000000008 24.007823000000005 0.7211564800000001 21.635271000000003 0.56674527000000008 17.486035000000005 0.96505285000000007 0.6210187800000001 0.69232987500000009 0.66797638000000015 0.70927619500000005 0.62814702000000011 19.580944000000002
decision_type=2 2 2 2 2 2 2 2 2 2 2 2 2 2 2 2 2 2 2 2 2 2 2 2 2 2 2 2 2 2
left_child=2 7 3 21 20 10 -6 -2 11 -10 -4 14 -13 -14 15 18 17 24 -7 -19 -5 22 -1 -3 26 -26 -17 -27 -18 -30
right_child=1 23 5 4 6 8 -8 -9 9 -11 -12 12 13 -15 -16 16 28 19 -20 -21 -22 -23 -24 -25 25 27 -28 -29 29 -31
leaf_value=-0.12432129940405008 -0.00088585308209719225 0.074216183183456477 0.13497832423059059 -0.10609251394099267 0.12149916728058122 -0.12519540215312261 -0.053367330867282327 0.021598193159331317 -0.11271787342381322 0.026624446839487243 -0.055790374148636183 -0.10851493714722477 -0.025845775082162206 0.15430944410259018 0.055892781346712876 0.085750929018988231 0.0076051214322459927 0.054587297506588556 0.020552576702276198 -0.035052210457662596 -0.0092462043875430732 -0.096151499032102419 0.084063102911826726 -0.0072140162135264059 -0.14555179535855531 -0.13869243608955881 -0.060291259313225223 0.044434903070205881 -0.10974071458460227 0.22582226896118052
leaf_weight=1.7517691769753572 161.86944700172171 36.211519546341151 3.3124818746000519 6.1337573365308362 4.1344537842087439 5.3455243911594144 2.4831118346191943 176.53356625582092 10.454075230518354 3.7217123745940617 1.3046619421802459 11.794867275981231 29.722214814566545 1.5227908240631212 7.5798534569330505 3.7017441673669991 4.2450906829908472 19.832492007641125 2.2154883053153753 5.0577458599582306 7.0888262095395476 30.360877436818555 2.3796031090896577 5.1061650239862493 4.2952483047265542 1.1902682296931741 3.7574076119344682 3.3606496870052069 7.0649153385311365 0.30677695292979468
leaf_count=148 1834 416 48 543 45 343 129 1650 750 115 42 623 1071 18 99 73 163 501 123 284 445 2694 79 52 205 80 162 128 495 16
internal_value=-5.99586e-11 0.016644 -0.0343261 -0.0604329 -0.0174633 -0.0233969 0.0558839 0.0108433 -0.0272505 -0.0761349 0.081073 -0.0210071 -0.0421268 -0.0170655 -0.00763048 -0.0156058 -0.00603028 0.00862408 -0.0824891 0.0363724 -0.0541717 -0.0851493 -0.00429528 0.0641528 -0.033734 -0.0724531 0.0121849 -0.00346107 -0.0579978 -0.0957761
internal_weight=563.839 379.721 184.118 54.3324 19.8401 129.786 6.61757 338.403 125.169 14.1758 4.61714 110.993 43.0399 31.245 67.9532 60.3734 52.8123 41.1956 7.56101 24.8902 13.2226 34.4922 4.13137 41.3177 16.3053 8.84617 7.45915 4.55092 11.6168 7.37169
internal_count=13374 3952 9422 4083 1162 5339 174 3484 5249 865 90 4384 1712 1089 2672 2573 2107 1433 466 785 988 2921 227 468 648 413 235 208 674 511
is_linear=0
shrinkage=0.1


end of trees

feature_importances:
Column_1=137
Column_0=121
Column_3=116
Column_5=108
Column_4=84
Column_2=64

parameters:
[boosting: gbdt]
[objective: lambdarank]
[metric: ndcg]
[tree_learner: serial]
[device_type: cpu]
[data_sample_strategy: bagging]
[data: ]
[valid: ]
[num_iterations: 100]
[learning_rate: 0.1]
[num_leaves: 31]
[num_threads: 0]
[seed: 0]
[deterministic: 0]
[force_col_wise: 0]
[force_row_wise: 0]
[histogram_pool_size: -1]
[max_depth: -1]
[min_data_in_leaf: 20]
[min_sum_hessian_in_leaf: 0.001]
[bagging_fraction: 1]
[pos_bagging_fraction: 1]
[neg_bagging_fraction: 1]
[bagging_freq: 0]
[bagging_seed: 3]
[bagging_by_query: 0]
[feature_fraction: 1]
[feature_fraction_bynode: 1]
[feature_fraction_seed: 2]
[extra_trees: 0]
[extra_seed: 6]
[early_stopping_round: 0]
[early_stopping_min_delta: 0]
[first_metric_only: 0]
[max_delta_step: 0]
[lambda_l1: 0]
[lambda_l2: 0]
[linear_lambda: 0]
[min_gain_to_split: 0]
[drop_rate: 0.1]
[max_drop: 50]
[skip_drop: 0.5]
[xgboost_dart_mode: 0]
[uniform_drop: 0]
[drop_seed: 4]
[top_rate: 0.2]
[other_rate: 0.1]
[min_data_per_group: 100]
[max_cat_threshold: 32]
[cat_l2: 10]
[cat_smooth: 10]
[max_cat_to_onehot: 4]
[top_k: 20]
[monotone_constraints: ]
[monotone_constraints_method: basic]
[monotone_penalty: 0]
[feature_contri: ]
[forcedsplits_filename: ]
[refit_decay_rate: 0.9]
[cegb_tradeoff: 1]
[cegb_penalty_split: 0]
[cegb_penalty_feature_lazy: ]
[cegb_penalty_feature_coupled: ]
[path_smooth: 0]
[interaction_constraints: ]
[verbosity: -1]
[saved_feature_importance_type: 0]
[use_quantized_grad: 0]
[num_grad_quant_bins: 4]
[quant_train_renew_leaf: 0]
[stochastic_rounding: 1]
[linear_tree: 0]
[max_bin: 255]
[max_bin_by_feature: ]
[min_data_in_bin: 3]
[bin_construct_sample_cnt: 200000]
[data_random_seed: 1]
[is_enable_sparse: 1]
[enable_bundle: 1]
[use_missing: 1]
[zero_as_missing: 0]
[feature_pre_filter: 1]
[pre_partition: 0]
[two_round: 0]
[header: 0]
[label_column: ]
[weight_column: ]
[group_column: ]
[ignore_column: ]
[categorical_feature: ]
[forcedbins_filename: ]
[precise_float_parser: 0]
[parser_config_file: ]
[objective_seed: 5]
[num_class: 1]
[is_unbalance: 0]
[scale_pos_weight: 1]
[sigmoid: 1]
[boost_from_average: 1]
[reg_sqrt: 0]
[alpha: 0.9]
[fair_c: 1]
[poisson_max_delta_step: 0.7]
[tweedie_variance_power: 1.5]
[lambdarank_truncation_level: 30]
[lambdarank_norm: 1]
[label_gain: ]
[lambdarank_position_bias_regularization: 0]
[eval_at: 1,3,5]
[multi_error_top_k: 1]
[auc_mu_weights: ]
[num_machines: 1]
[local_listen_port: 12400]
[time_out: 120]
[machine_list_filename: ]
[machines: ]
[gpu_platform_id: -1]
[gpu_device_id: -1]
[gpu_use_dp: 0]
[num_gpu: 1]

end of parameters

pandas_categorical:null
