tree
version=v4
num_class=1
num_tree_per_iteration=1
label_index=0
max_feature_idx=5
objective=lambdarank
feature_names=Column_0 Column_1 Column_2 Column_3 Column_4 Column_5
feature_infos=[0:5118.9477999999999] [0.54346967000000002:0.99983025000000003] [0.012253175:183.29028] [0.54301739999999998:0.93682193999999996] [0:55.634856999999997] [0.50485252999999997:0.89872980000000002]
tree_sizes=3360 3350 3381 3392 3360 3381 3377 3385 3388 3388 3390 3386 3390 3392 3406

Tree=0
num_leaves=31
num_cat=0
split_feature=1 1 1 5 1 3 0 3 5 2 4 2 1 0 2 5 3 3 0 2 2 1 0 4 0 5 5 4 3 0
split_gain=1184.67 116.271 88.5676 23.0808 14.9028 9.45476 9.18279 8.45469 8.98905 8.08715 8.07865 7.56408 7.36881 7.25163 7.16558 6.51531 6.32568 5.8697 5.72831 5.7269 5.39925 5.12835 5.06226 5.45101 4.51806 5.77156 7.10547 5.04288 4.35906 4.17404
threshold=0.77285361500000016 0.73718180000000011 0.83924853500000007 0.70098650000000007 0.79580915000000008 0.80098330000000006 13.392937500000002 0.69771360000000004 0.63911212500000014 11.236129000000002 4.3014025000000009 56.790914500000007 0.69714593500000011 21.420090500000004 14.075144000000002 0.68008553000000005 0.70681405000000008 0.7827665800000001 190.09757500000003 4.5502358500000009 10.404507000000001 0.88529957500000012 77.74909000000001 10.957214500000001 25.201006000000003 0.73589100000000007 0.6733724000000002 12.391822000000001 0.64519525000000011 27.730299000000006
decision_type=2 2 2 2 2 2 2 2 2 2 2 2 2 2 2 2 2 2 2 2 2 2 2 2 2 2 2 2 2 2
left_child=1 5 4 6 9 12 20 8 -8 -2 -5 19 -1 28 17 16 -11 22 -17 -12 -3 -4 -6 -24 27 26 -26 -16 -14 -10
right_child=2 3 21 10 14 -7 7 -9 29 15 11 -13 13 -15 24 18 -18 -19 -20 -21 -22 -23 23 -25 25 -27 -28 -29 -30 -31
leaf_value=-0.1762598089559807 -0.052525506169545655 -0.11099202196449974 0.15934271415718834 -0.14872894695762837 0.11267472874699457 0.054803955671170884 -0.18818908017204702 -0.12789868046702421 -0.16800396480029811 0.11272966932443813 -0.15014060076885816 -0.15580614944617177 -0.0074173532440113613 -0.16369860692816518 0.10003834328438672 0.0868877027553384 -0.06417302041425052 -0.097230483329883918 -0.01680472923433355 0.04960147900646477 0.039590217275606743 0.1924191392365236 -0.11028306951521541 0.08009602451560538 0.16684818970992388 0.13735349898223578 0.060842711202024773 -0.087512133594026917 -0.12156318941204661 0.054881644899723359
leaf_weight=151.73245354858227 8.7052683932706696 3.2550843977369359 89.081087484955788 2.6225803242996326 8.8657094212248939 2.0314223641762501 2.5193668075371525 29.263522759312764 0.95369040570221653 2.7316067581996304 1.4921366996131826 2.0331085766665629 3.6195847112685433 68.305430414853618 3.6264268145896486 33.440699197701178 7.7737606093287468 2.6409256588667622 6.3372320719063273 37.767298473510891 8.8688426865264756 98.935157799394801 2.7413788987323633 3.3319121832028031 8.1879663246218097 50.756662708125077 27.764141978579573 2.3709693634882569 44.197062516352162 7.061725071631372
leaf_count=4715 159 64 676 85 85 43 85 853 28 31 36 57 64 2204 37 416 152 44 126 626 134 519 51 37 63 408 331 36 1084 127
internal_value=8.26323e-11 -0.12652 0.129506 -0.0319005 0.077034 -0.16012 -0.0770328 -0.100244 -0.0234254 0.0364631 0.0214609 0.0322701 -0.16175 -0.14279 0.0987341 0.0518693 -0.0181748 0.0401997 0.0703679 0.0420099 -0.000838754 0.176748 0.0644947 -0.00583782 0.109834 0.11564 0.0849851 0.0258934 -0.112923 0.0283623
internal_weight=723.014 365.723 357.291 95.8374 169.275 269.886 51.9222 39.7983 10.5348 58.9886 43.9151 41.2925 267.855 116.122 110.286 50.2833 10.5054 17.5799 39.7779 39.2594 12.1239 188.016 14.939 6.07329 92.7062 86.7088 35.9521 5.9974 47.8166 8.01542
internal_count=13376 10205 3171 2095 1976 8110 1291 1093 240 884 804 719 8067 3352 1092 725 183 217 542 662 198 1195 173 88 875 802 394 73 1148 155
is_linear=0
shrinkage=0.1


Tree=1
num_leaves=31
num_cat=0
split_feature=1 1 1 5 5 3 2 5 3 0 3 1 1 3 3 0 0 5 0 2 0 0 1 5 4 4 4 2 1 0
split_gain=1859.43 258.031 181.648 51.408 47.9768 25.7402 25.4828 25.1276 24.697 24.3389 21.2566 20.5193 19.3533 19.0069 22.0139 18.814 18.3262 17.9898 18.2183 17.5724 17.4595 27.8843 16.7288 16.1736 14.6665 13.9021 17.0421 14.8205 13.435 16.5047
threshold=0.77285361500000016 0.8583637500000002 0.72322668000000012 0.72106610000000015 0.77735710000000013 0.69477655000000016 8.0153820000000007 0.67465815000000007 0.79927992500000011 52.891553500000008 0.70271467500000007 0.88959337500000013 0.65094089500000007 0.69282282500000003 0.59177770000000007 2.9711047500000007 12.584522500000002 0.67780577500000005 2.9711047500000007 22.711663500000004 113.938945 37.134300500000002 0.96744490000000016 0.8198173150000001 2.0497118000000003 18.096813000000004 17.624879000000004 22.871635500000004 0.65198208000000013 122.64454000000002
decision_type=2 2 2 2 2 2 2 2 2 2 2 2 2 2 2 2 2 2 2 2 2 2 2 2 2 2 2 2 2 2
left_child=2 4 12 5 16 7 -5 13 15 19 -8 -3 -1 14 -4 24 17 -2 -19 -6 21 -12 -13 -24 -7 26 -18 -27 29 -14
right_child=1 11 3 6 9 8 10 -9 -10 -11 20 22 28 -15 -16 -17 25 18 -20 -21 -22 -23 23 -25 -26 27 -28 -29 -30 -31
leaf_value=-0.17155525373654701 0.12183371975448826 0.11299002363611517 0.17325889529814933 -0.13542547281116066 -0.07903280100473653 0.15336307377485187 0.10293413516106875 0.024624748819137267 0.049278660760318727 0.11368113099363622 0.025308832017253133 0.16194836807822363 -0.11955386400021284 0.1054391061076414 -0.11203361544952897 -0.10774880627520403 0.030569288304179262 0.0061781271403372508 -0.17884722833689026 0.072699779393163619 0.076868532359423272 -0.1162815696703155 0.16805717857412075 0.025513519479346099 -0.055908008813242149 0.00094803793135127029 -0.11598900142874001 0.095275569224969645 -0.12784707715003843 0.18908003903333714
leaf_weight=114.13500385452062 4.9164295122027424 212.01936916261911 2.8754034787416449 11.225201555527745 12.083233671262859 4.6971931457519558 25.288267880678177 46.987904055975378 11.975509238429366 123.89716024324298 35.374266996979713 266.13528700172901 4.1061586812138549 5.2376140635460606 45.55428702197969 183.22958385385573 458.11254534590989 10.199437517672779 11.127535521984099 20.722207140177488 20.531674986705184 22.921451209113002 13.833147615194319 18.748250104486942 11.66751182451844 22.313065597787499 8.0740453824400884 65.705132314935327 484.3458676901646 2.9975763335824013
leaf_count=1378 15 416 7 88 58 14 75 207 79 257 165 416 48 23 373 1849 1557 34 65 61 104 154 24 27 71 74 28 139 5565 5
internal_value=1.1967e-10 0.082152 -0.099227 -0.0493249 0.0443018 -0.0704001 0.00772516 -0.0287726 -0.0902046 0.0934018 0.0231589 0.136782 -0.13446 -0.0755241 -0.095095 -0.0985735 0.0310463 -0.0506081 -0.0903605 0.0168121 -0.00243343 -0.0303635 0.153668 0.0860336 0.00415948 0.0349129 0.028031 0.0713631 -0.125845 0.010681
internal_weight=2281.04 1247.89 1033.15 427.566 737.151 312.225 115.341 100.655 211.57 156.703 104.116 510.736 605.585 53.6673 48.4297 199.594 580.448 26.2434 21.327 32.8054 78.8274 58.2957 298.717 32.5814 16.3647 554.205 466.187 88.0182 491.45 7.10374
internal_count=13376 3171 10205 3209 2288 2623 586 610 2013 376 498 883 6996 403 380 1934 1912 114 99 119 423 319 467 51 85 1798 1585 213 5618 53
is_linear=0
shrinkage=0.1


Tree=2
num_leaves=31
num_cat=0
split_feature=1 1 1 1 5 1 0 2 4 2 0 1 3 3 0 5 1 1 1 3 3 3 0 1 0 5 3 2 2 0
split_gain=1262.01 187.256 137.347 29.9907 19.5885 19.0954 22.7429 18.4577 17.8439 19.2329 18.8435 16.8678 16.2783 16.1608 15.782 17.5347 16.9985 15.4899 12.87 12.6314 11.9468 11.4764 10.7984 10.2628 11.2453 16.2815 10.3023 10.23 10.3537 10.035
threshold=0.77154733000000009 0.8583637500000002 0.73718180000000011 0.80328395000000008 0.72106610000000015 0.69714593500000011 30.100387500000004 13.770839500000003 2.7211344500000005 12.214317000000003 15.540332250000002 0.88052010500000011 0.83592068000000019 0.79927992500000011 122.64454000000002 0.6301087150000001 0.68009100000000011 0.8152969000000001 0.71343374000000004 0.74969375500000013 0.79260838000000011 0.82965575000000014 126.57943000000002 0.7680617500000001 60.087930000000007 0.72298575000000009 0.74151467000000004 45.204979000000002 15.712156500000001 34.227775500000007
decision_type=2 2 2 2 2 2 2 2 2 2 2 2 2 2 2 2 2 2 2 2 2 2 2 2 2 2 2 2 2 2
left_child=2 3 5 12 13 14 8 17 -7 -10 -11 -3 21 -4 -1 22 -17 -5 -8 -19 23 -2 -16 24 25 -6 -27 28 -26 -28
right_child=1 11 4 7 20 6 18 -9 9 10 -12 -13 -14 -15 15 16 -18 19 -20 -21 -22 -23 -24 -25 27 26 29 -29 -30 -31
leaf_value=-0.13773265931989245 0.0089078475888445079 0.09607897550100486 -0.055529271763341798 -0.096167637262792635 0.14432534934404231 -0.15099596614682897 -0.16531821019131449 0.065040553660018791 -0.003850970512904102 -0.13833570583745694 -0.02897979872839845 0.1398043393084441 0.11693240807740289 0.072318458449392636 0.046464262259554794 0.073770275543898395 -0.16152249212174608 0.083904913846918394 -0.10054358548287734 -0.02969132685746715 -0.14501742574716162 -0.15895872963729207 -0.16350517327604108 -0.083124649503093784 -0.015312253662474323 -0.094745015616501005 0.057647721790622747 -0.067985116061504078 0.12828219583022546 -0.12857845977615548
leaf_weight=312.51459352346137 227.31055192183703 128.28133364766836 154.02051868941635 12.450674042105673 6.2080049067735663 20.851820793934166 48.721714418381453 345.56904499791563 49.822376649826765 33.515458035282791 29.738631805405021 282.5425066202879 14.003048122860489 10.56554366648197 2.8903579041361835 11.569932796061037 4.1795565746724597 21.332134757190943 82.806408426258713 18.089288400486112 4.5958704873919478 4.146937893703579 16.051870506256819 8.5046776644885522 6.4423182066530016 14.570974169299005 13.930190056562425 4.3367483951151362 22.765735836699605 3.6522252745926371
leaf_count=4306 1080 312 1531 59 15 237 764 979 421 474 309 571 44 60 19 72 74 67 1188 91 48 20 246 54 46 83 62 30 85 29
internal_value=-1.34353e-10 0.073416 -0.0897185 0.0397176 -0.0271889 -0.115193 -0.0950018 0.0566912 -0.0659951 -0.0503205 -0.0869225 0.126151 0.0122344 -0.0473221 -0.130629 -0.0666396 0.0113289 0.00106848 -0.124538 0.0317791 0.0117922 0.00590024 -0.131466 0.0207547 0.033041 -0.00393908 -0.0325652 0.0753308 0.0966101 0.0189648
internal_weight=1915.98 1053.73 862.256 642.902 249.593 612.663 265.456 397.441 133.928 113.076 63.2541 410.824 245.461 164.586 347.206 34.6917 15.7495 51.8721 131.528 39.4214 85.0067 231.457 18.9422 80.4109 71.9062 38.3614 32.1534 33.5448 29.2081 17.5824
internal_count=13376 3223 10153 2340 2043 8110 3393 1196 1441 1204 783 883 1144 1591 4717 411 146 217 1952 158 452 1100 265 404 350 189 174 161 131 91
is_linear=0
shrinkage=0.1


Tree=3
num_leaves=31
num_cat=0
split_feature=1 1 1 1 5 5 1 0 3 0 3 0 0 2 2 4 4 1 4 4 3 5 5 3 5 2 3 2 1 3
split_gain=921.879 140.063 107.081 27.3038 16.0095 15.9157 15.3067 13.1992 13.9121 13.3116 13.1457 12.5587 11.1181 18.0782 10.9628 15.1365 19.5125 10.7115 10.8179 10.6649 9.70395 9.14564 8.78523 9.42662 11.2472 9.38073 8.41668 14.1916 10.5517 8.41327
threshold=0.77285361500000016 0.83924853500000007 0.73718180000000011 0.88052010500000011 0.72106610000000015 0.77964545000000007 0.65094089500000007 8.3664132500000026 0.75043678000000014 7.0206102500000007 0.80098330000000006 25.201006000000003 371.75637500000005 22.327856000000001 22.327856000000001 1.9513659500000002 10.412607500000002 0.83383000000000018 12.637233250000001 13.050515500000001 0.85375380500000009 0.79606688000000003 0.73971390000000004 0.71632193500000008 0.60950720000000003 21.993724500000003 0.69477655000000016 21.248407500000003 0.7555719500000001 0.80098330000000006
decision_type=2 2 2 2 2 2 2 2 2 2 2 2 2 2 2 2 2 2 2 2 2 2 2 2 2 2 2 2 2 2
left_child=2 5 6 21 7 12 -1 8 9 -4 14 19 17 -14 15 -8 22 20 -19 -7 -2 -3 23 24 -17 -26 27 -9 -28 -30
right_child=1 3 4 -5 -6 11 10 26 -10 -11 -12 -13 13 -15 -16 16 -18 18 -20 -21 -22 -23 -24 -25 25 -27 28 -29 29 -31
leaf_value=-0.14658546701108341 0.014662574582382413 0.067936947636106776 -0.072694422563937364 0.12836738505704393 0.013217894994842784 0.063540737176861414 -0.15668914273948942 -0.055634359840583791 0.10342202087955164 0.12132385572517285 0.065042769373251583 0.084634083369770741 -0.10796370055009917 0.087768753226824495 -0.12215405027517523 -0.11909041595253855 -0.13241059456961801 -0.19148399842315533 -0.00342248891451458 -0.19289437421617639 0.13943278524839772 0.11376007138172282 0.053296332909891143 -0.11131332411119575 -0.050437146338852629 0.11161336842497459 -0.10427267791853212 0.085475657615501452 -0.05412821845175797 0.078146429438465614
leaf_weight=80.844985098578036 325.17862694524229 164.81871137395501 17.452756516635421 244.6346329189837 74.116461819037795 3.3315353654325 29.851548416540027 25.885088924318552 11.25641544908285 4.4348698519170275 4.8146163113415232 64.424751147627831 5.3242639377713195 41.494524516165257 158.56670029973611 25.064441920258105 57.92253284715116 4.9699604418128711 7.9540882967412472 3.1602497659623623 6.3552466928958884 59.200145564973354 5.9504790510982266 42.956187054514885 118.47798147238791 3.6832526549696913 50.749273213557899 9.8351453728973848 33.700110576115549 5.6088190656155339
leaf_count=1378 1492 476 129 571 463 20 497 223 38 18 43 198 30 134 2687 361 933 34 28 24 16 148 53 655 1486 17 716 60 418 30
internal_value=-9.5388e-11 0.0667477 -0.0816267 0.10527 -0.0251625 0.0276874 -0.106542 -0.043062 0.0130792 -0.0333824 -0.0993038 0.0712757 0.0197873 0.0655099 -0.101092 -0.0893286 -0.0814137 0.0135726 -0.0757418 -0.0612938 0.0170543 0.0800464 -0.0663531 -0.0700967 -0.0580709 -0.0455512 -0.0578558 -0.0167814 -0.0741474 -0.0352545
internal_weight=1692.02 930.847 761.172 468.653 233.039 462.193 528.133 158.922 33.144 21.8876 447.288 70.9165 391.277 46.8188 442.473 283.906 254.055 344.458 12.924 6.49179 331.534 224.019 196.132 190.182 147.226 122.161 125.778 35.7202 90.0582 39.3089
internal_count=13376 3171 10205 1195 2095 1976 8110 1632 185 147 6732 242 1734 164 6689 4002 3505 1570 62 44 1508 624 2572 2519 1864 1503 1447 283 1164 448
is_linear=0
shrinkage=0.1


Tree=4
num_leaves=31
num_cat=0
split_feature=1 1 1 5 5 3 5 2 0 5 0 1 2 0 1 0 1 2 4 0 3 3 3 3 2 2 4 3 4 1
split_gain=702.024 112.242 77.8059 23.8177 20.5471 14.3067 14.2427 13.0793 12.6971 16.5012 15.5653 12.439 11.7676 10.7728 10.5103 10.295 9.93568 9.56512 9.08356 8.76729 8.70078 8.69356 8.67213 7.86 7.11998 8.37464 10.5272 8.09258 6.95499 6.73435
threshold=0.77154733000000009 0.8583637500000002 0.72581113000000008 0.71455228000000015 0.74944720000000009 0.69477655000000016 0.67465815000000007 10.95232075 47.981828500000006 0.66485860000000019 6.3449936000000013 0.7555719500000001 10.404507000000001 177.65448000000001 0.88959337500000013 118.89295750000001 0.65094089500000007 69.935392000000022 6.6328201500000006 413.01616500000006 0.66103125000000007 0.69282282500000003 0.64519525000000011 0.59177770000000007 40.000824000000001 81.389835500000018 12.737103750000001 0.74969375500000013 20.298959500000006 0.66261540000000008
decision_type=2 2 2 2 2 2 2 2 2 2 2 2 2 2 2 2 2 2 2 2 2 2 2 2 2 2 2 2 2 2
left_child=2 4 16 5 22 6 21 13 9 10 -7 -12 -8 -6 24 20 -1 -10 -11 -19 -5 23 -2 -4 27 26 -26 -3 -9 -18
right_child=1 14 3 15 7 8 12 28 17 18 11 -13 -14 -15 -16 -17 29 19 -20 -21 -22 -23 -24 -25 25 -27 -28 -29 -30 -31
leaf_value=-0.13851828279168993 -0.14408620971362926 0.017023108286877125 0.11910149040416183 0.11172166710673537 -0.074655358006240888 0.12108979237098683 -0.085751431470891287 0.052818541838079019 -0.1219008999621545 -0.1411708162961243 -0.10614025894675279 0.077635791588286471 0.086235414060432322 0.099689187238611934 0.12315031802697401 0.066266470223337523 -0.062130806341091721 -0.087458497963037229 -0.04247752709733426 0.19738332912483467 -0.02210709170716121 0.097489927186757308 0.018129276499396097 -0.088793076175485069 -0.069483193512270544 0.12374559339972208 0.060631666446644708 0.11893550052594114 0.096069608069165674 -0.10256214797330523
leaf_weight=68.781621104106307 3.3297687806189051 8.8209207206964475 1.9526810422539771 5.2555923089385024 12.706451738253238 9.2588887782767433 5.1502008065581348 144.55200600624084 51.967598157934844 16.842202972620726 10.476144657470288 5.6798845604062072 17.483590608462691 4.9151149708777657 180.11257104575634 22.181825713254511 48.004105736035854 2.6013682037591925 20.895977546926588 1.8483795821666715 64.21959746722132 3.2769552469253531 321.641085695941 26.484038652852178 7.4109578207135192 15.961877971887587 38.633020747452974 66.779967777431011 50.053409686312079 290.49517842987552
leaf_count=1378 28 25 7 23 83 48 57 553 944 246 169 37 99 18 467 131 742 54 240 7 532 19 1514 332 35 43 131 182 144 5088
internal_value=1.2832e-10 0.0601375 -0.0764095 -0.0342983 0.0322718 -0.0560386 -0.0134964 0.0564726 -0.075375 -0.0445751 0.0177132 -0.0415311 0.0471007 -0.0260261 0.107253 0.00695382 -0.103869 -0.109852 -0.0865234 0.0308619 -0.0119833 -0.056744 0.0164672 -0.0745175 0.0864444 0.0613274 0.0396892 0.107045 0.0639429 -0.0968284
internal_weight=1527.77 854.917 672.856 265.575 537.198 173.918 54.3475 212.227 119.57 63.1531 25.4149 16.156 22.6338 17.6216 317.719 91.657 407.281 56.4173 37.7382 4.44975 69.4752 31.7137 324.971 28.4367 137.607 62.0059 46.044 75.6009 194.605 338.499
internal_count=13376 3223 10153 2945 2340 2259 514 798 1745 740 254 206 156 101 883 686 7208 1005 486 61 555 358 1542 339 416 209 166 207 697 5830
is_linear=0
shrinkage=0.1


Tree=5
num_leaves=31
num_cat=0
split_feature=1 1 1 2 5 5 1 3 2 5 2 3 5 1 0 0 0 5 3 0 4 4 3 3 1 1 3 1 0 2
split_gain=532.043 98.7009 70.8951 15.6677 12.0935 10.718 10.5585 10.1464 12.2398 9.90904 15.486 13.4846 9.4569 9.1043 12.7669 11.6131 9.20562 10.1937 8.87628 8.3361 8.59801 10.6519 10.2344 9.14773 8.44375 8.19607 8.15745 12.2692 7.87705 7.6975
threshold=0.77285361500000016 0.8583637500000002 0.73718180000000011 36.742401000000008 0.72203778000000007 0.63911212500000014 0.8152969000000001 0.66103125000000007 5.5715176500000014 0.74138070000000011 41.578293500000008 0.71691383000000009 0.72298575000000009 0.6891683500000001 122.64454000000002 62.690980000000003 141.68761500000002 0.6733724000000002 0.6073429600000001 61.013855000000014 3.0728238500000002 8.650268500000001 0.71632193500000008 0.78512561500000011 0.68988407500000004 0.80328395000000008 0.69719052000000004 0.72581113000000008 137.62508000000005 3.5036186500000004
decision_type=2 2 2 2 2 2 2 2 2 2 2 2 2 2 2 2 2 2 2 2 2 2 2 2 2 2 2 2 2 2
left_child=2 3 4 6 13 -4 29 -7 -9 10 25 -12 -6 14 -1 18 28 -18 -15 20 -20 22 26 -24 -23 -5 27 -22 -16 -2
right_child=1 -3 5 9 12 7 -8 8 -10 -11 11 -13 -14 15 16 -17 17 -19 19 -21 21 24 23 -25 -26 -27 -28 -29 -30 -31
leaf_value=-0.12098726387959846 -0.120756725498398 0.10281240672204309 -0.094704940128005483 -0.011512061517902992 0.12763057357788418 0.080315373160699671 0.035296637603304447 -0.14445578083773286 -0.012484726472396544 0.069818121933681504 0.14702955475022764 -0.0060756076628777616 -0.049522220396593569 0.13734710314719586 -0.044502285473963059 -0.11918140052396764 -0.14095650405317892 0.092795751271045127 -0.12528001278698575 0.078453924224636457 -0.090621284718699638 0.089407623502036793 -0.11364815428968751 0.075241545723648107 -0.11577348919524547 0.14532276799458779 0.037422882552313699 0.043228961229232525 0.15162242946536769 0.00086203317682616819
leaf_weight=172.73054205952212 5.3786247670650473 277.59877698495984 17.257131303660572 4.363964828662577 3.5714734941720989 11.123365085572003 126.26915485039353 7.3546317322179666 158.12236037105322 111.00361164845526 6.2585421055555335 71.150544982869178 19.283556919544935 2.09967341646552 4.5218298230320233 59.57620364241302 9.2515029991045576 2.3368391171097747 26.232214241288602 3.6970897503197184 20.372624054551128 2.1224971041083327 22.232809946406636 2.8980782795697442 36.440683749970049 14.092491425573824 19.242644915357232 10.315919024869798 3.7429789286106825 160.418768634554
leaf_count=3636 51 883 253 36 21 73 502 120 1649 384 16 371 351 13 71 1338 235 13 497 41 353 16 437 31 758 47 201 81 17 881
internal_value=-3.853e-11 0.0550162 -0.0695201 0.0284232 -0.0925774 -0.0194859 0.0135094 -0.0121356 -0.0183502 0.0494791 0.0259283 0.00630298 -0.0218392 -0.0966414 -0.112258 -0.0819869 -0.0363128 -0.0938194 -0.0667734 -0.0697589 -0.0736769 -0.0617635 -0.0398176 -0.0918655 -0.10448 0.10824 -0.0136214 -0.0456277 0.044319 -0.00308339
internal_weight=1391.06 776.534 614.527 498.936 420.669 193.857 292.067 176.6 165.477 206.869 95.8655 77.4091 22.855 397.814 192.584 205.23 19.8532 11.5883 145.654 143.555 139.857 113.625 75.0621 25.1309 38.5632 18.4565 49.9312 30.6885 8.26481 165.797
internal_count=13376 3171 10205 2288 8110 2095 1434 1842 1769 854 470 387 372 7738 3972 3766 336 248 2428 2415 2374 1877 1103 468 774 83 635 434 88 932
is_linear=0
shrinkage=0.1


Tree=6
num_leaves=31
num_cat=0
split_feature=1 1 5 1 5 1 1 2 2 5 0 3 0 2 4 0 4 3 3 1 0 3 3 5 4 4 4 2 3 0
split_gain=412.395 113.2 16.5022 14.73 14.6844 12.3366 11.0304 10.3857 10.5761 9.19534 11.5018 11.9338 11.0744 14.0822 8.72051 8.62129 8.61041 7.9388 7.4331 7.08419 6.95635 9.693 7.03854 12.3959 9.24599 13.3226 6.92061 6.7 10.2527 7.08366
threshold=0.74466775000000007 0.83924853500000007 0.78155852000000003 0.88052010500000011 0.73730586500000006 0.79466070000000011 0.65094089500000007 22.327856000000001 21.993724500000003 0.70098650000000007 55.094900000000003 0.71933315000000009 43.038534000000006 36.742401000000008 11.466900000000001 25.201006000000003 1.9513659500000002 0.80442691500000019 0.75043678000000014 0.83383000000000018 568.62488500000006 0.78727387000000015 0.68715572000000014 0.69664680000000012 5.7420640000000009 6.6801967500000012 16.497870500000001 25.245597500000006 0.72937381500000009 371.75637500000005
decision_type=2 2 2 2 2 2 2 2 2 2 2 2 2 2 2 2 2 2 2 2 2 2 2 2 2 2 2 2 2 2
left_child=4 2 5 -3 6 9 -1 8 14 12 -11 -12 13 26 16 -4 18 20 -8 -17 21 22 23 -7 -24 -26 -2 -14 -29 -30
right_child=1 3 15 -5 -6 17 7 -9 -10 10 11 -13 27 -15 -16 19 -18 -19 -20 -21 -22 -23 24 -25 25 -27 -28 28 29 -31
leaf_value=-0.12858198263246529 -0.030216514233193499 0.064012167423177183 -0.058779277170930747 0.10604863350251188 0.0098780982401927946 0.05446837808914521 -0.13798369175161895 -0.10220804902142439 0.064617104857654581 -0.027228349544036124 0.093745200910235305 0.0077263368697370917 -0.091767840268935141 0.14065039361297987 -0.11890468569141102 0.088294706543734044 -0.053303579977130006 0.056777652862452732 0.051003703778328226 -0.027923171535047572 0.095842165815933023 -0.058744686523382876 0.085412020448059803 -0.17398901272953432 -0.13017338829819161 0.019972315615840352 0.10530492932791724 0.042471160372926198 -0.093086460146561828 0.036098964014099795
leaf_weight=52.168509233742952 35.940286420285702 165.06747688539326 5.3562292158603659 168.40029094368219 16.743478160351515 4.4865241223014873 20.579582869540904 125.4292900133878 6.0159929348155847 57.558580916374922 22.179001208394766 59.120795810595155 30.36851966381073 6.6948648411780587 30.960133307613432 44.636393429711461 159.937140670605 50.856835884973407 2.3152923304587594 5.9433608725666991 9.1677153185009939 19.956215027719736 19.69183349236846 5.0464692711830139 6.3139191865921012 92.3036073083058 4.2094940394163123 13.2156874705106 20.231525969225917 5.3714631088078013
leaf_count=1370 348 624 49 571 218 23 490 2873 60 460 125 452 418 40 726 172 2870 214 33 25 35 123 91 35 28 425 18 118 304 38
internal_value=1.50003e-10 0.0397853 0.0105598 0.0852405 -0.0818588 0.0043579 -0.0857238 -0.0792476 -0.0661456 -0.010386 0.00697644 0.0311927 -0.031164 0.00638121 -0.0698252 0.0618629 -0.0615143 0.0224409 -0.118872 0.0746386 0.0113159 0.00607282 0.0161908 -0.0664698 0.0228514 0.0103593 -0.0160078 -0.0565848 -0.0290605 -0.0659836
internal_weight=1266.27 852.117 518.649 333.468 414.149 462.713 397.406 345.237 219.808 254.89 138.858 81.2998 116.032 46.8446 213.792 55.936 182.832 207.823 22.8949 50.5798 156.966 147.799 127.842 9.53299 118.309 98.6175 40.1498 69.1872 38.8187 25.603
internal_count=13376 4736 3541 1195 8640 3295 8422 7052 4179 2321 1037 577 1284 406 4119 246 3393 974 523 197 760 725 602 58 544 453 366 878 460 342
is_linear=0
shrinkage=0.1


Tree=7
num_leaves=31
num_cat=0
split_feature=1 1 1 1 1 2 2 5 3 5 3 0 5 2 1 3 3 3 4 1 4 4 4 1 1 4 0 0 5 3
split_gain=330.626 63.9531 46.9895 11.16 9.25533 8.83279 7.16257 6.96896 7.26729 9.06094 8.98928 9.73321 8.21702 6.79775 6.315 6.47957 6.28009 7.25596 7.99651 7.61527 7.91681 7.57328 7.31022 7.1733 6.67617 14.9021 6.24841 10.414 20.4481 7.42668
threshold=0.77154733000000009 0.8583637500000002 0.73718180000000011 0.80328395000000008 0.65094089500000007 14.075144000000002 11.548704000000003 0.72106610000000015 0.69477655000000016 0.64035678000000007 0.75732970000000011 24.313544000000004 0.65999031500000005 8.4531065000000023 0.88959337500000013 0.7450732000000001 0.83592068000000019 0.79136908000000006 8.650268500000001 0.77753580000000011 4.5467972500000009 5.1660401500000015 14.714407500000002 0.79580915000000008 0.78271471500000012 17.235202500000003 357.20006500000005 186.10407000000004 0.69436430000000016 0.76269235000000013
decision_type=2 2 2 2 2 2 2 2 2 2 2 2 2 2 2 2 2 2 2 2 2 2 2 2 2 2 2 2 2 2
left_child=2 3 4 16 -1 6 -5 8 9 -4 -10 12 -12 -9 15 -3 17 19 -19 21 -21 -2 -20 -24 25 -22 27 -7 -29 -30
right_child=1 14 7 5 -6 26 -8 13 10 -11 11 -13 -14 -15 -16 -17 -18 18 22 20 24 -23 23 -25 -26 -27 -28 28 29 -31
leaf_value=-0.12415770351852506 -0.028174035421587213 -0.017436344808079277 -0.09680400750046142 0.02009309792201041 -0.075604149008153432 0.052127540656211072 -0.077885369426297771 -0.096181020687656299 -0.07306152866481426 0.032225623420846027 0.16040928106014984 -0.053321687361166305 -0.016030199245222792 0.021616830596243388 0.10486329186263806 0.078479208347957241 0.083359581656266141 -0.14864655282246617 0.025220719012154214 0.048129512466358722 -0.12649488144497764 0.077409223774582744 -0.18816051060256789 0.023365830459664356 -0.0037418525253318869 0.087923502892805094 0.078351899919624338 0.13401268622778562 0.048488672578268222 -0.05252351649918105
leaf_weight=45.305630640359595 9.2062153164297325 7.6275132782757273 6.8086299803107968 25.874749950133264 294.21079116454348 125.62725460249931 10.484452705830334 5.403120767325162 51.691687616053969 27.123543590307236 5.3249937817454356 14.469353241380302 5.2338232193142176 52.48480661958456 125.40020257793367 91.935982428491116 9.66022662213072 6.0636875778436687 13.326754033565523 22.901714809238911 13.082400669343771 25.922039311379194 3.9839562885463229 2.6828172318637371 66.147561986930668 4.3089249562472096 44.855690006166697 9.1997865960001928 9.3196461554616672 33.234676627442241
leaf_count=1378 66 28 99 158 6732 563 69 68 906 225 19 291 51 384 467 388 44 56 86 121 116 165 35 14 420 21 165 32 45 164
internal_value=2.94797e-11 0.0466321 -0.060656 0.0242834 -0.0820832 0.0375321 -0.00815974 -0.0174919 -0.0321996 0.0063353 -0.0492431 -4.99891e-05 0.0729513 0.0106219 0.0899343 0.0711312 0.00495843 0.000440199 -0.0480547 0.0093662 -0.00395777 0.0497386 -0.017547 -0.103039 -0.0182372 -0.07337 0.0450076 0.0365756 -0.00117511 -0.0304013
internal_weight=1168.9 660.846 508.056 435.883 339.516 258.596 36.3592 168.54 110.652 33.9322 76.7199 25.0282 10.5588 57.8879 224.964 99.5635 177.286 167.626 26.0572 141.569 106.441 35.1283 19.9935 6.66677 83.5389 17.3913 222.237 177.381 51.7541 42.5543
internal_count=13376 3223 10153 2340 8110 1196 227 2043 1591 324 1267 361 70 452 883 416 1144 1100 191 909 678 231 135 49 557 137 969 804 241 209
is_linear=0
shrinkage=0.1


Tree=8
num_leaves=31
num_cat=0
split_feature=1 1 1 5 0 5 0 1 4 1 0 5 3 1 1 5 1 1 5 4 3 3 5 1 5 4 3 0 0 1
split_gain=274.848 50.1805 38.6941 9.27857 9.41776 8.26615 8.82504 10.403 7.83149 7.38409 14.8698 7.33963 7.2599 7.16894 5.92924 5.68728 5.51613 5.03966 6.17961 7.53721 4.63213 6.03763 5.48887 4.55558 5.28427 4.72667 5.64915 4.53666 4.53633 5.43242
threshold=0.77285361500000016 0.8583637500000002 0.72581113000000008 0.77964545000000007 52.891553500000008 0.7262612650000001 39.866885000000003 0.74466775000000007 14.982793000000003 0.75947845000000014 2.9711047500000007 0.75455367500000015 0.67616510000000007 0.65094089500000007 0.65198208000000013 0.6806589500000001 0.80328395000000008 0.88959337500000013 0.86525107000000012 19.900705500000004 0.65431025000000009 0.76484631500000011 0.71251976500000014 0.77901162000000002 0.70313013000000013 2.1030462000000001 0.85375380500000009 40.57454700000001 38.471635000000006 0.7459855150000001
decision_type=2 2 2 2 2 2 2 2 2 2 2 2 2 2 2 2 2 2 2 2 2 2 2 2 2 2 2 2 2 2
left_child=2 3 13 16 8 6 20 -8 -5 10 -7 -11 15 -1 -15 -9 23 -3 -19 -20 -4 22 28 24 -2 -25 -27 -26 29 -22
right_child=1 17 5 4 -6 9 7 12 -10 11 -12 -13 -14 14 -16 -17 -18 18 19 -21 21 -23 -24 25 27 26 -28 -29 -30 -31
leaf_value=-0.12086712019702479 -0.011884052906096306 0.068064813353531192 0.064918241644137786 0.049337064205606573 0.073550701825504716 -0.18897854692917521 -0.11534788069367208 -0.048691024900713954 -0.10032481927024058 -0.10563301338974247 0.05110228565167943 0.023571802457698899 -0.050708564397138403 0.049632892688298409 -0.076704083005404489 0.13586807231202561 0.028685285696767027 0.10733323828634476 -0.071456754166484199 0.099711669478896814 -0.0028977599910361847 0.040339738460487995 -0.1138203317251987 0.068820584897257328 -0.026226632671043904 -0.017828151026006565 0.12258693842050224 0.089906027846628642 0.098955100745277913 -0.070745927294785418
leaf_weight=39.226591232232749 14.968557011336086 91.136587675660849 6.9166702069342128 7.8781207576394063 60.141223667189479 2.7823195457458487 23.977727958466858 2.8274512942880383 6.2863847315311432 9.3053117720410246 35.446481632534415 8.3345097582787258 40.151381232310086 3.7761026956140986 228.90716971317306 4.0776255242526531 180.90734954830259 101.21407267078757 4.4810646846890432 6.0401636362075806 29.70345938205719 13.259118379093705 7.5712533444166175 7.4674881398677817 4.2293976321816471 96.67219682992436 2.952719420194625 16.435444407165051 2.8947011176496735 19.579877541400492
leaf_count=1378 125 416 47 56 244 18 706 49 50 115 287 56 721 53 5777 21 925 422 16 29 451 135 97 33 38 719 11 87 18 276
internal_value=2.46214e-10 0.0450407 -0.0565256 0.0244059 0.0562733 -0.0239283 -0.0360902 -0.0617372 -0.0170848 0.00893362 0.033629 -0.044586 -0.0344197 -0.0813207 -0.0746538 0.0602959 0.0170891 0.0855165 0.099751 0.0268098 -0.0132962 -0.0207061 -0.0342529 0.00239081 0.033363 -0.00791471 -0.0136665 0.0661376 -0.0227073 -0.0298533
internal_weight=1079.55 600.811 478.738 397.939 74.3057 206.828 150.959 71.0342 14.1645 55.8686 38.2288 17.6398 47.0565 271.91 232.683 6.90508 323.633 202.872 111.735 10.5212 79.9251 73.0084 59.7493 142.726 35.6334 107.092 99.6249 20.6648 52.178 49.2833
internal_count=13376 3171 10205 2288 350 2997 2521 1497 106 476 305 171 791 7208 5830 70 1938 883 467 45 1024 977 842 1013 250 763 730 125 745 727
is_linear=0
shrinkage=0.1


Tree=9
num_leaves=31
num_cat=0
split_feature=1 1 1 2 4 5 3 0 5 5 1 1 1 4 2 4 1 0 5 3 1 0 0 5 1 1 5 0 4 1
split_gain=222.71 53.256 19.6297 10.8978 11.0297 8.67907 9.92855 9.16095 8.35565 7.31376 6.60767 5.77017 5.52787 5.00927 5.68336 9.83972 4.97378 4.94158 4.81949 4.72286 5.43137 12.1253 4.64713 7.62941 4.9909 6.78486 6.97917 5.49802 8.7618 7.99816
threshold=0.7555719500000001 0.8583637500000002 0.72581113000000008 17.774022000000006 22.381855000000005 0.73971390000000004 0.69477655000000016 10.251179500000001 0.64462625000000007 0.66548370000000012 0.65094089500000007 0.72990383000000014 0.88959337500000013 10.692869000000002 19.589966 1.9513659500000002 0.96744490000000016 9.7041530000000034 0.78155852000000003 0.78612912000000013 0.66589820000000011 51.340332000000011 215.11377500000003 0.6733724000000002 0.6891683500000001 0.6591302200000001 0.6591782650000001 24.600652500000006 5.0457596500000008 0.71104382500000007
decision_type=2 2 2 2 2 2 2 2 2 2 2 2 2 2 2 2 2 2 2 2 2 2 2 2 2 2 2 2 2 2
left_child=2 3 10 -2 18 6 8 9 11 -8 -1 -4 -3 14 15 -12 -14 -11 -5 20 21 -16 24 -24 25 26 -17 29 -29 -26
right_child=1 12 5 4 -6 -7 7 -9 -10 17 13 -13 16 -15 19 22 -18 -19 -20 -21 -22 -23 23 -25 27 -27 -28 28 -30 -31
leaf_value=-0.11802323635774939 -0.0078506391678168901 0.063353887349446178 0.051258128372932837 0.016353305756635735 0.084387578703040464 0.036411708286266858 0.083793523442786441 -0.083114656173493118 0.028419369253448363 -0.077294744518600342 -0.13081754637306156 -0.13096082238196521 0.10650956032777914 -0.10080371020649111 -0.11256894834406415 -0.073741029529596769 0.036240262006314625 0.08865406528192174 0.053868175984357086 0.050229701534608019 -0.10480973542307821 0.081180346713122048 -0.12636813785981968 0.14274055554521081 0.035553056253349577 -0.096071712027035253 0.10612303248371797 0.0049085343846224753 -0.13077859749664339 -0.074869234815664709
leaf_weight=34.043535165023059 120.54653439251706 84.888409910723567 2.3679113425314409 254.45724487677217 30.705697520636022 17.636496478226036 6.5452391912695047 51.688993935473263 28.743207540363073 9.9467448815703374 12.651659291703252 6.5306217698380351 85.91227644123137 43.84231047378853 7.90931488573551 4.9016757383942586 11.410808430984615 2.189352571964263 39.570055333897471 2.478721988387405 52.70677766832523 5.4598134867846966 1.5364671610295761 3.3515294762328267 22.549609251320366 26.598300548270345 3.8531788215041161 9.3025193121284264 9.743702298961578 9.2505231909453851
leaf_count=1378 973 416 38 1805 139 137 58 1334 311 148 398 128 416 1405 240 119 51 11 203 35 1640 78 70 22 345 725 35 211 321 186
internal_value=7.51876e-12 0.0364621 -0.0608779 0.0178261 0.0273577 -0.0286294 -0.0392495 -0.0614236 0.00220455 -0.00140715 -0.0770741 -0.0824721 0.0820037 -0.0706242 -0.0629447 -0.0481803 0.0982707 -0.0473576 0.021402 -0.0852866 -0.0903703 -0.0334437 -0.0367024 0.0581503 -0.0420811 -0.0709382 0.00542058 -0.0220169 -0.0645065 0.00343168
internal_weight=1003.32 627.491 375.828 445.28 324.733 125.649 108.012 70.3703 37.6417 18.6813 250.18 8.89853 182.211 216.136 172.294 103.739 97.3231 12.1361 294.027 68.5546 66.0759 13.3691 91.0875 4.888 86.1995 35.3532 8.75485 50.8464 19.0462 31.8001
internal_count=13376 4003 9373 3120 2147 2165 2028 1551 477 217 7208 166 883 5830 4425 2432 467 159 2008 1993 1958 318 2034 92 1942 879 154 1063 532 531
is_linear=0
shrinkage=0.1


Tree=10
num_leaves=31
num_cat=0
split_feature=1 1 1 1 5 1 2 5 4 2 4 2 4 4 2 4 3 5 2 4 3 5 0 1 1 0 5 3 0 3
split_gain=177.181 38.8605 33.2308 6.88184 5.38659 4.98293 4.8018 4.66197 5.23474 5.09157 9.26593 4.87936 6.32225 6.18752 5.52542 5.04088 4.67254 4.58475 4.46481 7.35704 5.24731 7.35697 6.10715 6.73314 6.71014 6.12067 5.95871 4.95943 5.33795 4.48406
threshold=0.78271471500000012 0.73718180000000011 0.8583637500000002 0.65094089500000007 0.78155852000000003 0.88959337500000013 81.389835500000018 0.72203778000000007 8.8112390000000023 19.589966 1.9513659500000002 17.458039000000003 8.2164900000000021 3.8500756000000007 6.7197431000000014 7.6206140500000012 0.61739766500000004 0.72298575000000009 11.086307500000002 2.5670439000000003 0.69545365000000015 0.63911212500000014 12.986078750000003 0.74466775000000007 0.77901162000000002 12.584522500000002 0.67117346500000019 0.73817230000000011 1.8883155000000003 0.81184065500000002
decision_type=2 2 2 2 2 2 2 2 2 2 2 2 2 2 2 2 2 2 2 2 2 2 2 2 2 2 2 2 2 2
left_child=1 3 4 -1 -2 -4 18 8 9 10 -5 12 14 -13 -12 -15 -16 -9 19 -3 21 -20 25 -24 26 27 -25 28 -22 -26
right_child=2 6 5 7 -6 -7 -8 17 -10 -11 11 13 -14 15 16 -17 -18 -19 20 -21 22 -23 23 24 29 -27 -28 -29 -30 -31
leaf_value=-0.11549299204686321 0.017040576457734224 -0.15918390474444391 0.060658162936761989 -0.12643117217292105 0.050789744281454857 0.095392987017831166 -0.16372268386132688 0.10977105221961668 -0.092843496992855712 -0.081414669445985965 -0.10259023747770009 0.10620508151756468 0.049467147929742994 -0.10070411395024524 0.10493167757043263 0.068810443700098908 -0.041921311537785187 -0.035674470774330509 -0.10640426001147921 -0.023874184234636539 0.094092458626964692 0.049381030368369973 -0.10409354077749927 -0.05650914662235277 -0.12118484691568338 0.18551171954113665 0.010079145114292164 0.043979528449465156 -0.11969781072117158 0.048095203469442627
leaf_weight=29.583233549259603 254.24024186562747 4.5967197557911268 79.319059275090694 11.852376375580205 58.09923779964447 86.166123716160655 2.037953524850308 2.5807788167148855 61.264373369049281 58.350732610095292 16.174225121736526 5.4054831061512214 6.768537610769271 4.5009235166944563 2.2791074598208061 2.8746709171682596 43.907073398353532 13.526661433745174 3.3779456224292508 31.935114444699138 1.5978499725461066 29.550449620001018 9.2276597074232978 17.179211602546275 8.4702623439952713 2.3638455048203459 61.720134038943797 17.01183157786727 4.340077230706811 1.919392998330294
leaf_count=1378 1563 86 416 450 309 467 48 21 2130 1928 396 62 113 131 36 39 1086 340 59 437 10 200 285 348 87 6 736 126 68 15
internal_value=1.3964e-10 -0.044706 0.042514 -0.0700989 0.0233184 0.0787442 -0.0110268 -0.064247 -0.0681631 -0.0582229 -0.0437901 -0.0318319 -0.0423265 0.0249303 -0.0522897 -0.0346351 -0.0346747 -0.0123708 -0.00941688 -0.0408999 -0.00207992 0.0333999 -0.0115145 -0.0227717 -0.0143674 0.0322965 -0.00441951 0.0165152 -0.0621685 -0.0899119
internal_weight=932.221 454.397 477.825 259.068 312.339 165.485 195.328 229.485 213.378 152.113 93.7624 81.91 69.1289 12.7811 62.3604 7.37559 46.1862 16.1074 193.29 36.5318 156.759 32.9284 123.83 98.5167 89.289 25.3136 78.8993 22.9498 5.93793 10.3897
internal_count=13376 10621 2755 8110 1872 883 2511 6732 6371 4241 2313 1863 1631 232 1518 170 1122 361 2463 523 1940 259 1681 1471 1186 210 1084 204 78 102
is_linear=0
shrinkage=0.1


Tree=11
num_leaves=31
num_cat=0
split_feature=1 1 1 0 2 3 1 0 5 5 4 5 5 0 1 4 4 0 1 3 1 1 1 2 4 2 4 3 0 1
split_gain=144.962 40.2912 15.3051 8.86625 8.42316 7.3622 6.94121 7.84546 6.45752 5.82209 8.51728 7.99724 5.67555 7.03683 7.74405 6.17898 7.4254 6.0382 5.494 5.29763 6.76546 6.83217 7.17181 5.27437 5.32784 5.01215 4.96015 4.90378 7.86553 7.52207
threshold=0.7555719500000001 0.8583637500000002 0.69714593500000011 43.038534000000006 36.742401000000008 0.67941570000000018 0.6687782000000001 45.942858000000008 0.6591782650000001 0.74138070000000011 11.466900000000001 0.73036123500000005 0.73247146500000004 30.646022500000004 0.71343374000000004 5.3748317000000005 8.650268500000001 112.17154750000002 0.75423455000000017 0.71989882500000013 0.80177403000000014 0.81115235000000008 0.83140398000000004 34.480582500000004 15.274948500000002 10.814112500000002 4.5467972500000009 0.72544742000000006 203.59467500000002 0.79307256500000012
decision_type=2 2 2 2 2 2 2 2 2 2 2 2 2 2 2 2 2 2 2 2 2 2 2 2 2 2 2 2 2 2
left_child=2 4 3 -1 23 8 -7 -8 -5 10 -6 19 13 15 -15 26 -17 18 -14 -12 -21 -22 -23 25 -25 27 -4 28 -2 -29
right_child=1 -3 12 5 9 6 7 -9 -10 -11 11 -13 17 14 -16 16 -18 -19 -20 20 21 22 -24 24 -26 -27 -28 29 -30 -31
leaf_value=-0.09932926084213857 -0.075858437931808825 0.07449247875058751 -0.03924065093684017 -0.12429461370835991 0.03978870036460682 0.060674756787696384 0.1280342608521052 -0.079805178597903981 0.031483610387693033 0.051662247623040572 0.12187922752427366 -0.15119519965802358 0.00086782307991369479 -0.12509534863921062 -0.048380675509224272 0.033043780191578824 -0.044528487553056453 0.11793570575461142 -0.18547839126265492 -0.096935738414025252 0.094291256277106425 -0.13797009606837896 0.055152815693484937 -0.10506513260020311 0.047260381370230455 0.013471347682662527 -0.14455180788523259 -0.076240688962643036 0.11477928261037756 0.040435201119614378
leaf_weight=85.607312282314524 20.652714875992391 152.02827740553766 27.893049097154289 13.453845222480597 45.74031890835613 9.2677061697468179 2.1224308153614393 12.587471433915196 3.317142945714294 78.799930932931602 2.8312291540205541 4.5409169592894605 20.19116262765602 16.530619345139712 64.508592611644417 28.498981321230531 21.762848683167249 4.1412202995270482 1.7166633047163475 7.9918940225616124 6.4293536320328695 4.0086816400289536 3.6957152262330055 8.3368230983614904 3.1690042838454238 193.51956687937491 5.326525352895259 7.7532454242464182 2.4176152851432553 19.23097126558423
leaf_count=3292 228 883 617 644 383 202 27 472 80 423 15 34 284 736 1879 413 551 28 13 115 26 35 23 74 15 1485 135 116 30 118
internal_value=2.85367e-10 0.0305354 -0.0540657 -0.0810536 0.0142009 -0.0426589 -0.00711021 -0.0498169 -0.0934832 0.0326654 0.0127692 -0.0291281 -0.0361716 -0.0430385 -0.0640292 -0.022662 -0.000544203 0.00719858 -0.013734 -0.00691791 -0.023399 0.0181822 -0.0453311 0.00305055 -0.0631107 0.00617584 -0.0561266 -0.0220299 -0.0558809 0.00691128
internal_weight=878.072 561.146 316.926 126.356 409.118 40.7486 23.9776 14.7099 16.771 154.038 75.2381 29.4978 190.57 164.521 81.0392 83.4814 50.2618 26.049 21.9078 24.9569 22.1256 14.1338 7.7044 255.08 11.5058 243.574 33.2196 50.0545 23.0703 26.9842
internal_count=13376 4003 9373 4717 3120 1425 701 499 724 1054 631 248 4656 4331 2615 1716 964 325 297 214 199 84 58 2066 89 1977 752 492 258 234
is_linear=0
shrinkage=0.1


Tree=12
num_leaves=31
num_cat=0
split_feature=1 1 1 1 3 0 2 0 0 4 2 3 2 4 4 2 4 0 3 0 2 1 3 5 0 5 4 2 0 5
split_gain=118.989 33.226 21.6147 6.27097 5.17629 9.24218 4.92015 4.80738 7.98521 6.86561 4.77018 4.26547 5.21518 6.87914 8.06202 5.4354 4.8844 4.69329 4.15411 4.2682 5.50789 4.83178 4.04159 7.15013 4.32169 6.96433 4.91531 4.43364 4.14276 6.05243
threshold=0.79466070000000011 0.73718180000000011 0.88052010500000011 0.65094089500000007 0.87589015000000014 335.02656500000006 1.3870958000000002 220.62209000000004 212.29867500000003 6.2122353500000012 84.805450000000022 0.78612912000000013 19.589966 10.412607500000002 1.9513659500000002 17.458039000000003 3.8500756000000007 215.11377500000003 0.79716837500000015 34.830034500000004 49.381413500000001 0.81115235000000008 0.70034695000000013 0.63911212500000014 52.891553500000008 0.69382298500000006 7.1135595000000009 17.188360000000003 12.986078750000003 0.69868135500000006
decision_type=2 2 2 2 2 2 2 2 2 2 2 2 2 2 2 2 2 2 2 2 2 2 2 2 2 2 2 2 2 2
left_child=1 3 10 -1 -4 -6 -3 8 22 -9 18 12 13 14 -5 -16 -17 -18 -2 21 -21 -20 23 -8 25 -25 -27 -28 -24 -30
right_child=2 6 4 11 5 -7 7 9 -10 -11 -12 -13 -14 -15 15 16 17 -19 19 20 -22 -23 28 24 -26 26 27 -29 29 -31
leaf_value=-0.11170742188028222 0.015477587543342566 -0.1564770284761397 0.099219727189229862 -0.12287840719748655 0.10813363081382424 -0.021475811253063058 -0.079992098033552145 -0.12967842042819577 0.13107997534283719 -0.01381539731602139 0.074562412221953464 0.030995851043239694 -0.080015654944292636 -0.10176883619281303 -0.036266243927460882 0.10502053794336588 -0.057751172873030249 0.14182840959717793 -0.12365525210846634 0.068933029513248686 0.017862310132764854 0.034838891058198228 0.019467872584075931 0.051725667043179858 0.068064605589608987 -0.16239930604952413 0.049696965132694025 -0.093584759541271698 -0.054030227205017302 -0.0054695482009072703
leaf_weight=23.421694687567651 173.39729950437322 2.2170851267874232 65.164665170013905 9.4778564125299436 10.969288359396161 11.037945032119749 6.4145250227302304 7.3308898350223926 4.4285499199759206 16.914872686844319 20.655371219851077 5.3640634906478217 74.611234177136794 18.579286899650469 73.753231858601794 5.5365234613418561 6.0381206972524524 1.4639420325402168 3.1974727530032379 51.275120318867266 35.904617129825056 4.8273705579340458 30.35100706294179 14.900097742676737 19.772391531616449 2.9723410345613948 4.8906754460185748 3.8673917837440968 39.042891855817288 74.911939530866221
leaf_count=1378 1075 38 439 452 73 59 110 125 36 236 111 131 3087 805 1986 62 195 14 25 302 217 38 307 132 161 38 46 29 863 806
internal_value=-7.9979e-11 -0.0349287 0.0414083 -0.0628189 0.0850586 0.0431267 -0.00823329 -0.0067777 -0.0017169 -0.0488475 0.0282536 -0.0569416 -0.0594313 -0.0460588 -0.0353072 -0.0257442 0.0337743 -0.0188055 0.0246925 0.0414758 0.0478998 -0.0283126 -0.0047003 0.0189677 0.0326474 0.00635114 -0.0512841 -0.0135735 -0.013363 -0.0221073
internal_weight=822.69 446.261 376.429 218.246 87.1719 22.0072 228.015 225.798 201.552 24.2458 289.257 194.824 189.46 114.849 96.2697 86.7918 13.0386 7.50206 268.602 95.2046 87.1797 8.02484 197.123 52.8174 46.4029 26.6305 11.7304 8.75807 144.306 113.955
internal_count=13376 11037 2339 8110 571 132 2927 2889 2528 361 1768 6732 6601 3514 2709 2257 271 209 1657 582 519 63 2492 516 406 245 113 75 1976 1669
is_linear=0
shrinkage=0.1


Tree=13
num_leaves=31
num_cat=0
split_feature=1 1 1 1 1 4 4 0 2 4 2 0 5 0 4 0 5 1 2 2 5 3 3 1 5 5 0 3 5 2
split_gain=103.129 37.7247 6.82923 6.47364 5.3965 4.24501 7.91741 7.19655 4.0562 4.92593 4.07852 4.99002 4.70958 6.18506 7.70493 6.72711 4.65499 4.92733 4.49498 7.33796 3.93937 4.19884 3.81806 5.98886 5.03126 3.71447 3.66123 3.60356 3.59409 3.87073
threshold=0.73718180000000011 0.8583637500000002 0.79466070000000011 0.88959337500000013 0.65094089500000007 17.832136500000004 17.453232000000003 55.911135000000009 11.236129000000002 5.2114087500000013 13.239841000000002 58.249516000000007 0.72017110000000006 52.242751500000004 16.683424500000005 243.16156000000004 0.77025653000000005 0.78403592500000008 81.389835500000018 69.935392000000022 0.65112245000000013 0.71802602500000012 0.71933315000000009 0.78127300000000011 0.73730586500000006 0.76025044500000016 200.01928500000002 0.80098330000000006 0.71732461500000011 8.4531065000000023
decision_type=2 2 2 2 2 2 2 2 2 2 2 2 2 2 2 2 2 2 2 2 2 2 2 2 2 2 2 2 2 2
left_child=4 2 8 -3 -1 6 -4 25 9 -2 11 -10 18 14 16 22 17 -14 19 20 -12 -22 -15 24 -24 -7 -13 -6 29 -11
right_child=1 3 5 -5 27 7 -8 -9 10 28 12 26 13 15 -16 -17 -18 -19 -20 -21 21 -23 23 -25 -26 -27 -28 -29 -30 -31
leaf_value=-0.10997848689709491 -0.093967678528238285 0.04818936329718241 0.01618643168806334 0.093643879012995174 -0.057532824958701816 0.051097747224251894 -0.11513863780987628 0.060060427335308079 0.084512895042078498 0.048374810025008666 -0.069306160598626543 -0.12241694769538546 0.040874989792999333 0.10089036697725379 -0.15461477739827348 -0.1138384252955018 -0.11776338165458317 -0.081488188044734622 -0.16520263584741304 0.092051894946379942 0.019709536960334458 -0.030253738069947342 0.048606264311917828 0.083442303035448584 -0.058692572005447044 -0.093323354616659332 0.098923845063617691 0.07143908296782614 -0.060619259391083452 -0.057876895055061522
leaf_weight=20.60789272619877 10.221706661162896 64.806881668046117 168.53712785989046 60.660086306743324 178.68125345010776 2.7204928062856188 4.7193437907844773 45.648337667807937 11.200471891090272 11.438779774121945 14.479068051092325 2.3757060868665572 16.750643404200684 10.796049021184443 3.7148265726864329 2.6750512858852735 2.9306591078639022 4.0954713672399512 2.0159254008904091 6.0688051618635646 26.337412225315347 46.54635154735297 8.5181291867047602 12.864612028002737 8.9739610543474537 5.1562781799584627 1.0902799665927885 2.19300234876573 9.5808194857090694 4.8962058012839398
leaf_count=1378 229 416 1130 467 6689 19 29 237 84 150 336 42 152 51 36 45 32 26 47 49 282 835 86 80 115 41 17 43 145 88
internal_value=9.9269e-11 0.0217434 0.00807095 0.0701655 -0.0614933 0.0202137 0.0126093 0.0448288 -0.00458589 -0.0351801 0.00150779 0.0520652 -0.00293852 0.0165023 -0.0206806 0.0398258 0.000245008 0.0168353 -0.0174649 -0.0142772 -0.0216636 -0.0121989 0.0498144 0.0316498 -0.00644122 -0.0434429 -0.0527907 -0.0559691 -0.0119931 0.0165272
internal_weight=771.302 569.819 444.353 125.467 201.482 226.782 173.256 53.5251 217.571 36.1375 181.433 14.6665 166.767 71.3194 27.4916 43.8278 23.7768 20.8461 95.4476 93.4316 87.3628 72.8838 41.1528 30.3567 17.4921 7.87677 3.46599 180.874 25.9158 16.335
internal_count=13376 5266 4383 883 8110 1456 1159 297 2927 612 2315 143 2172 623 246 377 210 178 1549 1502 1453 1117 332 281 201 60 59 6732 383 238
is_linear=0
shrinkage=0.1


Tree=14
num_leaves=31
num_cat=0
split_feature=1 1 2 5 1 0 0 3 0 0 1 3 5 5 1 2 1 0 0 0 0 0 3 2 2 3 1 4 0 3
split_gain=84.6051 30.5161 7.02303 6.90674 6.77572 8.76458 6.74313 11.2364 6.52773 5.83259 5.82203 5.73547 5.35534 5.30432 5.18431 5.15533 5.10912 4.972 4.82837 4.6785 7.85665 4.8159 4.55508 4.36158 4.48681 4.33011 5.22167 4.32312 6.32522 4.29648
threshold=0.74466775000000007 0.8583637500000002 36.362166500000008 0.71455228000000015 0.69714593500000011 70.98684750000001 40.57454700000001 0.73611702000000012 43.038534000000006 1.8883155000000003 0.85303151500000007 0.67941570000000018 0.70164835000000014 0.6591782650000001 0.88959337500000013 27.466305000000002 0.6687782000000001 2.0816122000000004 3.5125037000000003 58.249516000000007 34.227775500000007 10.557878000000001 0.58140157500000011 34.480582500000004 16.320158000000003 0.77549135000000013 0.77518034000000002 3.0192732000000002 37.791113500000009 0.68018652500000021
decision_type=2 2 2 2 2 2 2 2 2 2 2 2 2 2 2 2 2 2 2 2 2 2 2 2 2 2 2 2 2 2
left_child=4 2 3 25 8 15 7 9 22 -5 23 13 -7 -10 -3 17 -13 -6 -19 20 21 -20 -1 24 -8 26 27 28 -2 -18
right_child=1 14 -4 6 5 12 10 -9 11 -11 -12 16 -14 -15 -16 -17 29 18 19 -21 -22 -23 -24 -25 -26 -27 -28 -29 -30 -31
leaf_value=0.13709209219735974 0.087637782905348474 0.047402385254236165 0.026847078291077978 0.056215672191098923 -0.084926288426518629 -0.11111108265597849 0.0063605053999263575 0.0085857484861395703 -0.12170513177344267 -0.14574214713193376 -0.11589215153572935 0.059528283841018187 -0.0032788439053444054 0.033984051239300629 0.089837542129204459 -0.072436931783724609 0.19681669882710609 0.066315626622713023 -0.051458989804358694 0.07647162462452127 -0.100244720977469 0.021106733503401986 -0.093023332740985495 -0.076834450264077411 0.050364124580505265 -0.073298730120977387 0.0089970829393409644 -0.054233084444303539 -0.095234260374155388 -0.05941206905439398
leaf_weight=0.87174454983323713 5.580581905320285 61.234427019022405 141.14847463974729 1.7176981698721636 7.994304379913955 20.544404942542318 36.606568756513298 31.517607148736715 9.939649031730367 8.5382414981722814 2.7987278662621966 8.1111116905231047 5.9364748506341121 2.8061334295198312 54.336659478954971 16.336860532872379 0.69633751735091109 9.0773844476789218 13.480458513367919 5.3959605682175598 10.159602001309393 28.441306084394455 65.00780613173265 3.666850719600915 63.137937989784405 13.480227719992397 50.788736670278013 34.271279389038682 2.8610733421519399 10.871405275538562
leaf_count=34 70 416 1208 12 189 1079 295 293 644 114 22 202 178 80 467 697 5 115 363 140 436 726 3258 35 454 170 410 683 87 494
internal_value=3.66041e-11 0.0221421 0.00895112 -0.000956044 -0.0525328 -0.0363111 0.013038 -0.0209994 -0.0719001 -0.111918 0.0264253 -0.0351691 -0.0869373 -0.0874283 0.0673536 -0.0215605 -0.00132128 -0.0104113 -0.00146081 -0.0121647 -0.021348 -0.00222767 -0.0899784 0.030277 0.0342146 -0.0203135 -0.0126745 -0.0384436 0.0256582 -0.043988
internal_weight=727.356 511.685 396.114 254.966 215.671 117.367 147.984 41.7735 98.3042 10.2559 106.21 32.4246 26.4809 12.7458 115.571 90.8859 19.6789 74.549 66.5547 57.4773 52.0814 41.9218 65.8796 103.411 99.7445 106.982 93.5017 42.7129 8.44166 11.5677
internal_count=13376 4736 3853 2645 8640 3923 1225 419 4717 126 806 1425 1257 724 883 2666 701 1969 1780 1665 1525 1089 3292 784 749 1420 1250 840 157 499
is_linear=0
shrinkage=0.1


end of trees

feature_importances:
Column_1=118
Column_0=81
Column_3=71
Column_5=69
Column_2=57
Column_4=54

parameters:
[boosting: gbdt]
[objective: lambdarank]
[metric: ndcg]
[tree_learner: serial]
[device_type: cpu]
[data_sample_strategy: bagging]
[data: ]
[valid: ]
[num_iterations: 100]
[learning_rate: 0.1]
[num_leaves: 31]
[num_threads: 0]
[seed: 0]
[deterministic: 0]
[force_col_wise: 0]
[force_row_wise: 0]
[histogram_pool_size: -1]
[max_depth: -1]
[min_data_in_leaf: 20]
[min_sum_hessian_in_leaf: 0.001]
[bagging_fraction: 1]
[pos_bagging_fraction: 1]
[neg_bagging_fraction: 1]
[bagging_freq: 0]
[bagging_seed: 3]
[bagging_by_query: 0]
[feature_fraction: 1]
[feature_fraction_bynode: 1]
[feature_fraction_seed: 2]
[extra_trees: 0]
[extra_seed: 6]
[early_stopping_round: 0]
[early_stopping_min_delta: 0]
[first_metric_only: 0]
[max_delta_step: 0]
[lambda_l1: 0]
[lambda_l2: 0]
[linear_lambda: 0]
[min_gain_to_split: 0]
[drop_rate: 0.1]
[max_drop: 50]
[skip_drop: 0.5]
[xgboost_dart_mode: 0]
[uniform_drop: 0]
[drop_seed: 4]
[top_rate: 0.2]
[other_rate: 0.1]
[min_data_per_group: 100]
[max_cat_threshold: 32]
[cat_l2: 10]
[cat_smooth: 10]
[max_cat_to_onehot: 4]
[top_k: 20]
[monotone_constraints: ]
[monotone_constraints_method: basic]
[monotone_penalty: 0]
[feature_contri: ]
[forcedsplits_filename: ]
[refit_decay_rate: 0.9]
[cegb_tradeoff: 1]
[cegb_penalty_split: 0]
[cegb_penalty_feature_lazy: ]
[cegb_penalty_feature_coupled: ]
[path_smooth: 0]
[interaction_constraints: ]
[verbosity: -1]
[saved_feature_importance_type: 0]
[use_quantized_grad: 0]
[num_grad_quant_bins: 4]
[quant_train_renew_leaf: 0]
[stochastic_rounding: 1]
[linear_tree: 0]
[max_bin: 255]
[max_bin_by_feature: ]
[min_data_in_bin: 3]
[bin_construct_sample_cnt: 200000]
[data_random_seed: 1]
[is_enable_sparse: 1]
[enable_bundle: 1]
[use_missing: 1]
[zero_as_missing: 0]
[feature_pre_filter: 1]
[pre_partition: 0]
[two_round: 0]
[header: 0]
[label_column: ]
[weight_column: ]
[group_column: ]
[ignore_column: ]
[categorical_feature: ]
[forcedbins_filename: ]
[precise_float_parser: 0]
[parser_config_file: ]
[objective_seed: 5]
[num_class: 1]
[is_unbalance: 0]
[scale_pos_weight: 1]
[sigmoid: 1]
[boost_from_average: 1]
[reg_sqrt: 0]
[alpha: 0.9]
[fair_c: 1]
[poisson_max_delta_step: 0.7]
[tweedie_variance_power: 1.5]
[lambdarank_truncation_level: 30]
[lambdarank_norm: 1]
[label_gain: ]
[lambdarank_position_bias_regularization: 0]
[eval_at: 1,3,5]
[multi_error_top_k: 1]
[auc_mu_weights: ]
[num_machines: 1]
[local_listen_port: 12400]
[time_out: 120]
[machine_list_filename: ]
[machines: ]
[gpu_platform_id: -1]
[gpu_device_id: -1]
[gpu_use_dp: 0]
[num_gpu: 1]

end of parameters

pandas_categorical:null
