tree
version=v4
num_class=1
num_tree_per_iteration=1
label_index=0
max_feature_idx=5
objective=lambdarank
feature_names=Column_0 Column_1 Column_2 Column_3 Column_4 Column_5
feature_infos=[0:5118.9477999999999] [0.54346967000000002:0.99977519999999998] [0.012253175:183.29028] [0.52564690000000003:0.93379307] [0:55.634856999999997] [0.50485252999999997:0.90272284000000003]
tree_sizes=3362 3370 3376 3377

Tree=0
num_leaves=31
num_cat=0
split_feature=1 1 1 1 4 3 0 3 1 5 2 5 0 3 5 0 3 0 3 5 0 2 2 3 5 5 5 5 3 5
split_gain=1196.33 104.596 76.8747 16.5595 15.0273 14.6284 12.1578 8.77865 8.392 8.31159 8.65661 7.91549 6.39092 7.61066 6.56771 5.67835 5.25326 5.39206 5.06328 7.56622 5.32185 7.94765 5.64369 5.40115 4.97204 4.88613 6.10345 6.52902 5.11067 4.86666
threshold=0.77159690000000014 0.73605240000000005 0.8392366200000001 0.7956843400000001 8.0663080000000011 0.79593645000000013 170.72665500000002 0.62759613000000003 0.88322115000000012 0.74424362500000008 11.566425000000002 0.70095897000000007 13.036636500000002 0.73508167000000013 0.65814292500000005 24.596290500000006 0.78463648500000016 108.48277500000002 0.77813780000000021 0.69878815000000005 43.770846000000013 30.715303000000002 8.1460855000000016 0.70313097500000021 0.70186615000000019 0.73606050000000012 0.68999743000000013 0.70346630000000021 0.71813118000000009 0.73352981000000017
decision_type=2 2 2 2 2 2 2 2 2 2 2 2 2 2 2 2 2 2 2 2 2 2 2 2 2 2 2 2 2 2
left_child=1 5 3 9 7 11 16 -3 -4 18 -11 -1 13 -9 -15 29 -6 -18 20 -20 21 22 -2 -22 -25 26 -17 -28 -27 -5
right_child=2 4 8 15 6 -7 -8 12 -10 10 -12 -13 -14 14 -16 25 17 -19 19 -21 23 -23 -24 24 -26 28 27 -29 -30 -31
leaf_value=-0.1730852355789487 0.046702574769323317 0.17435386311428674 0.14908374261122645 0.1045994268992337 0.025111702107903325 0.059666051334499808 -0.13508911414153396 -0.11010355520096693 0.19140810576206974 -0.15271401462499723 0.111522854814783 -0.11713208550806622 -0.11460090918523838 0.19662910709786022 -0.026937402118495407 0.13744909752639234 -0.17065388655659255 0.068314969223752131 -0.16634463715834602 0.015568247555382931 0.15255324682568414 0.14020517981308955 -0.13347841838602734 -0.015055414645417448 0.08716592037396248 -0.013048117291909772 -0.062269063168444688 0.076043514588859898 0.13384095401731397 -0.02476230203806204
leaf_weight=226.41903034504503 2.5850151693448407 1.2763856574892987 88.191261718515307 5.5334468968212587 40.218184900237247 2.8835875103250137 6.2441379572264841 5.5488571900641528 99.930448450380936 1.3311622086912418 18.069747876375914 28.461118642240763 31.877976637682877 2.0688340291380882 3.601493852911517 13.489492359105496 2.8543593026697627 1.4109604954719541 3.4928526170551759 6.6194339920766652 4.9062996702268746 2.2068033050745726 5.3077730825170875 9.7388105476275104 9.304274589288978 2.4677190314978352 4.0406335517764118 21.96874593407847 58.99435173929669 6.1297078733332455
leaf_count=7126 35 13 676 51 713 58 155 127 519 41 190 819 903 15 69 128 79 21 87 102 55 16 95 190 126 39 68 284 487 87
internal_value=2.15568e-11 -0.131233 0.127111 0.0796443 -0.0415995 -0.164303 -0.00442137 -0.0841013 0.171566 0.0388354 0.0933927 -0.166837 -0.0917558 -0.0268443 0.0546314 0.102676 0.0139204 -0.0916034 0.0148673 -0.0472657 0.0333204 -0.0275596 -0.0744662 0.0589938 0.034889 0.110308 0.0828655 0.0545562 0.127943 0.0366119
internal_weight=717.173 352.865 364.308 176.186 95.1012 257.764 50.7276 44.3735 188.122 63.5622 19.4009 254.88 43.0972 11.2192 5.67033 112.624 44.4835 4.26532 44.1613 10.1123 34.049 10.0996 7.89279 23.9494 19.0431 100.961 39.4989 26.0094 61.4621 11.6632
internal_count=13374 10098 3276 2081 2095 8003 968 1127 1195 937 231 7945 1114 211 84 1144 813 100 706 189 517 146 130 371 316 1006 480 352 526 138
is_linear=0
shrinkage=0.1


Tree=1
num_leaves=31
num_cat=0
split_feature=1 1 1 5 2 1 3 5 0 3 1 3 3 3 3 0 0 2 0 5 4 2 3 1 3 3 4 1 5 5
split_gain=1818.34 308.471 121.917 66.469 63.451 39.9 35.7682 42.4441 30.6077 29.2056 26.9078 26.3307 22.7843 22.3237 20.3732 23.4907 19.4098 23.3581 22.7621 21.2267 16.7689 15.9691 15.7706 15.4315 29.5092 15.1241 16.7619 19.2938 14.819 14.7152
threshold=0.75621807000000019 0.85945379500000008 0.7232911500000001 0.73984897000000016 11.700227500000002 0.7956843400000001 0.69630410000000009 0.67464112500000006 10.179002500000001 0.75052390000000002 0.88882457000000015 0.81557297500000014 0.80450035000000009 0.72267855000000014 0.83753632500000019 17.553872000000002 52.878593500000008 14.944476000000002 104.68507500000003 0.69054305500000013 21.500624000000006 33.864660000000008 0.77454280000000009 0.6922476500000001 0.624029995 0.77813780000000021 8.3042670000000012 0.78326188000000008 0.7429620050000002 0.79150283500000007
decision_type=2 2 2 2 2 2 2 2 2 2 2 2 2 2 2 2 2 2 2 2 2 2 2 2 2 2 2 2 2 2
left_child=2 4 11 6 13 14 7 -4 9 -8 29 23 20 -2 15 -6 17 -17 19 -18 -7 -10 -15 -1 -25 26 27 -20 -14 -3
right_child=1 10 3 -5 5 12 8 -9 21 -11 -12 -13 28 22 -16 16 18 -19 25 -21 -22 -23 -24 24 -26 -27 -28 -29 -30 -31
leaf_value=-0.15574594022286903 -0.088672961476434761 0.083759261593728249 -0.088288260787996911 0.068305363618530054 0.079443246111147198 0.039076874158245317 -0.11831950718574034 0.064161551780839474 -0.15269980590690282 0.081110902162864221 0.15278782010678604 0.18194500707878639 0.047196500176282567 0.024268295072193132 0.14879944438452405 0.094011829642977773 -0.05321021148528067 -0.093012343841605172 -0.12343238012488929 0.080966506593510151 0.11654793171968938 -0.078721519740630796 -0.082059271579288495 0.05398816064530966 -0.12968535796471853 -0.09308520977957116 0.038610053628658089 0.042644363049414873 0.10734982859007483 0.14400104420276277
leaf_weight=354.83617554861121 43.322932492010295 120.26834115386009 41.969694846775383 35.173960400745273 40.205220935866237 301.33802360761911 14.04466388653964 32.331223274581134 84.221986538730562 15.38946766220033 302.18294826894999 2.507671244442462 58.489022115711123 62.189839324913919 10.897170972079037 8.0678691361099464 14.760393237695096 38.761922178789973 17.734681292902682 58.595903997309506 30.795313913375139 44.647348658181727 17.983148934319615 9.1206022510305029 213.59471545321867 21.830628430005163 46.617144980467856 11.551570504903792 136.60812833160162 61.17237277328968
leaf_count=4346 252 259 349 167 138 812 145 179 968 81 467 6 151 227 33 39 103 245 126 209 62 432 79 66 2631 170 213 48 266 105
internal_value=-3.14701e-10 0.0698553 -0.115627 -0.0598156 0.0358584 0.0462023 -0.0791898 -0.0219514 -0.106055 -0.0140485 0.13451 -0.141392 0.0621926 -0.0308352 0.0148646 0.00921037 -0.00374726 -0.0607917 0.0118666 0.0539681 0.04626 -0.12707 0.000418561 -0.142796 -0.122164 -0.0197336 0.00136313 -0.0579256 0.0893162 0.10407
internal_weight=2251.21 1403.37 847.838 267.778 919.749 796.253 232.604 74.3009 158.303 29.4341 483.624 580.059 527.23 123.496 269.023 258.125 217.92 46.8298 171.09 73.3563 332.133 128.869 80.173 577.551 222.715 97.734 75.9034 29.2863 195.097 181.441
internal_count=13374 4004 9370 2321 3173 2615 2154 528 1626 226 831 7049 1291 558 1324 1291 1153 284 869 312 874 1400 306 7043 2697 557 387 174 417 364
is_linear=0
shrinkage=0.1


Tree=2
num_leaves=31
num_cat=0
split_feature=1 1 1 2 3 3 5 5 1 1 5 2 0 3 4 3 5 0 0 4 3 3 4 4 5 1 0 0 1 5
split_gain=1292.89 158.274 138.679 26.0588 24.3196 16.4013 20.1062 16.1552 13.9807 14.5169 13.7792 13.7743 11.8374 16.2805 12.4391 14.9433 11.7949 18.2872 10.3922 10.388 13.3757 10.1651 10.0436 12.0046 9.87832 9.20628 16.3816 15.2875 13.0186 11.0645
threshold=0.77159690000000014 0.85945379500000008 0.7232911500000001 22.959102500000004 0.80307125000000013 0.67186285000000012 0.73606050000000012 0.77543568500000004 0.75621807000000019 0.76912415000000012 0.77312802500000011 7.987749850000001 10.179002500000001 0.75052390000000002 4.5855803500000016 0.69015967500000008 0.66583500000000007 8.8656995000000016 115.87643750000002 7.1403921500000012 0.71175622000000016 0.68281675000000008 3.3530878000000004 1.9116582500000001 0.75770687500000011 0.81683467500000007 99.749332500000023 84.210592500000004 0.78206945000000017 0.72337401000000012
decision_type=2 2 2 2 2 2 2 2 2 2 2 2 2 2 2 2 2 2 2 2 2 2 2 2 2 2 2 2 2 2
left_child=2 3 4 22 -1 -4 8 19 12 18 -3 -8 13 -7 -14 21 -15 -18 -10 24 -21 -16 23 -2 -5 26 27 29 -28 -24
right_child=1 10 5 7 -6 6 11 -9 9 -11 -12 -13 14 16 15 -17 17 -19 -20 20 -22 -23 25 -25 -26 -27 28 -29 -30 -31
leaf_value=-0.13040916326623384 0.032195689057116124 0.094411662178651365 0.01790198516194642 0.020733459162745951 0.093713518622392758 -0.088792359243488828 -0.14028264984193847 0.08801692267008486 0.0076786017109027995 -0.17970642152299643 0.13514169873725976 0.021589010374793854 -0.14988430345998024 0.16190905982335402 -0.15070495093223923 -0.092880021661932766 -0.1327722798614808 0.17564790500807434 -0.084620843341092891 0.14629197091525584 0.048859938505546784 0.075955966045768875 0.049576968445527426 -0.15820127472242804 -0.13261370622263999 0.045431967836257747 0.056959034065974995 0.13379099705508277 -0.076605533527329309 -0.029752265592733931
leaf_weight=489.57128266198561 6.2227912005037052 119.3609361089766 38.142141280695796 63.954838750883937 4.8899175226688376 19.29453065758571 5.9179074820131055 121.28262919932604 49.737379422411323 5.8209958896040908 273.11263079941273 47.063125988934189 31.793902935925871 5.8034863322973242 2.5136252734810105 79.116271160077304 5.4241989282891137 2.97792799025774 16.162563878111541 14.938390005379913 248.10919949179515 9.2959116324782354 36.507506965193897 7.0782815236598253 4.4961200207471839 87.000368169508874 9.3502318114042264 11.928850392810999 33.242400750517845 33.915489507839084
leaf_count=7030 33 297 293 274 19 204 42 302 318 57 534 281 483 23 34 1050 52 6 148 40 862 58 176 50 20 269 49 33 159 178
internal_value=-3.02429e-10 0.0722154 -0.0950267 0.0429609 -0.128193 -0.0436286 -0.0519829 0.0567882 -0.0648809 -0.0283299 0.122755 0.00350817 -0.0816615 -0.0289756 -0.0960438 -0.0772174 0.0522695 -0.0234603 -0.0149587 0.0453629 0.0543931 0.0277119 0.0151657 -0.0691257 0.010661 0.0204556 0.00306432 0.0291049 -0.0472845 0.0113723
internal_weight=1884.03 1070.5 813.525 678.027 494.461 319.064 280.922 452.781 227.941 71.7209 392.474 52.981 156.22 33.5001 122.72 90.9258 14.2056 8.40213 65.8999 331.499 263.048 11.8095 225.246 13.3011 68.451 211.945 124.944 82.3518 42.5926 70.423
internal_count=13374 3276 10098 2445 7049 3049 2756 1498 2433 523 831 323 1910 285 1625 1142 81 58 466 1196 902 92 947 83 294 864 595 387 208 354
is_linear=0
shrinkage=0.1


Tree=3
num_leaves=31
num_cat=0
split_feature=1 1 1 1 1 1 3 5 3 0 5 0 5 3 5 3 5 3 2 0 0 3 2 2 4 4 0 0 0 5
split_gain=938.851 116.652 105.688 19.2991 19.085 15.2211 15.0552 14.3387 13.9795 13.4769 15.7052 13.3887 14.5691 12.4219 14.7502 12.2025 11.6401 11.2561 11.2335 14.7233 10.5849 10.5524 10.292 11.0248 10.1891 11.8256 10.1486 10.133 12.7922 11.6111
threshold=0.77159690000000014 0.85221900000000017 0.73605240000000005 0.69381583000000002 0.7956843400000001 0.88322115000000012 0.6083582700000002 0.65105010000000008 0.81557297500000014 36.71948050000001 0.73606050000000012 230.45713000000003 0.72826790500000016 0.80123745000000013 0.69407069500000007 0.76203645000000009 0.72048438000000015 0.63392650000000017 12.679365000000002 20.251282500000006 84.210592500000004 0.70180046500000015 72.622612000000018 14.784016500000002 10.313765000000002 8.494626000000002 170.72665500000002 123.20795500000001 126.952983 0.62978695000000007
decision_type=2 2 2 2 2 2 2 2 2 2 2 2 2 2 2 2 2 2 2 2 2 2 2 2 2 2 2 2 2 2
left_child=2 4 3 27 -2 15 -5 -4 16 -6 11 12 24 14 -13 -3 -8 -9 -19 -20 21 -21 23 -23 25 -11 -22 -1 -29 -30
right_child=1 5 7 6 9 -7 8 17 -10 10 -12 13 -14 -15 -16 -17 -18 18 19 20 26 22 -24 -25 -26 -27 -28 28 29 -31
leaf_value=-0.13495472117822677 0.007780635135136227 0.018933494983785396 -0.086464805014527205 0.11379860431377214 -0.0012862827784125754 0.12427432743815235 -0.10337387162764362 0.14115741089275005 0.13256193926390111 0.058941632055258097 0.071244220143288489 0.049163994830653972 -0.06720309475678142 0.053173921763627757 -0.10670869414146809 0.096085137805812293 -0.026471139224853831 -0.068488263559810289 0.044664888708147818 0.020848964787723061 0.027736592854606435 0.047820361954515549 0.13953977189968381 -0.1216242432685289 0.10503031540099 -0.064494674797941409 -0.071353293754721936 0.10828395546864185 -0.15312884122724427 -0.0023740621066704456
leaf_weight=253.17044880450703 162.40169247845188 24.631232544779778 35.593094221316278 3.5873057860881081 48.277462108060718 232.32566265203059 194.04355741711333 4.3843419179320327 2.7198382616043082 37.699881253764033 223.89046260993928 8.8880327269434947 9.5129401665180904 15.975093813613055 19.154163166880608 122.23457163199782 21.903939814306796 39.057819987181574 38.707832107320428 11.753081602975724 40.682913423515856 4.3928647413849822 1.8859877418726672 30.502973238937557 34.351924390532076 9.7734744418412429 13.856221647001801 3.5181269701570299 13.760288455523552 8.1260076239705068
leaf_count=4133 937 66 407 27 213 519 3178 16 17 136 653 33 51 52 99 350 276 444 234 79 279 32 6 409 129 38 189 18 251 103
internal_value=1.64496e-10 0.0653647 -0.0859683 -0.111379 0.0367686 0.108345 -0.0894023 -0.0283343 -0.0927359 0.0483206 0.054987 0.0280961 0.0499293 -0.0172088 -0.0573045 0.0831458 -0.0955735 -0.0171638 -0.0210022 -0.00792078 -0.0276685 -0.0616386 -0.0879962 -0.100294 0.063547 0.0335294 0.0025618 -0.128913 -0.0687058 -0.0971562
internal_weight=1670.76 949.117 721.647 500.83 569.925 379.191 222.255 220.817 218.667 407.523 359.246 135.356 91.3382 44.0173 28.0422 146.866 215.947 185.224 180.84 141.782 103.074 48.5349 36.7818 34.8958 81.8253 47.4734 54.5391 278.575 25.4044 21.8863
internal_count=13374 3276 10098 8003 2341 935 3498 2095 3471 1404 1191 538 354 184 132 416 3454 1688 1672 1228 994 526 447 441 303 174 468 4505 372 354
is_linear=0
shrinkage=0.1


end of trees

feature_importances:
Column_3=28
Column_5=26
Column_1=25
Column_0=21
Column_2=11
Column_4=9

parameters:
[boosting: gbdt]
[objective: lambdarank]
[metric: ndcg]
[tree_learner: serial]
[device_type: cpu]
[data_sample_strategy: bagging]
[data: ]
[valid: ]
[num_iterations: 100]
[learning_rate: 0.1]
[num_leaves: 31]
[num_threads: 0]
[seed: 0]
[deterministic: 0]
[force_col_wise: 0]
[force_row_wise: 0]
[histogram_pool_size: -1]
[max_depth: -1]
[min_data_in_leaf: 20]
[min_sum_hessian_in_leaf: 0.001]
[bagging_fraction: 1]
[pos_bagging_fraction: 1]
[neg_bagging_fraction: 1]
[bagging_freq: 0]
[bagging_seed: 3]
[bagging_by_query: 0]
[feature_fraction: 1]
[feature_fraction_bynode: 1]
[feature_fraction_seed: 2]
[extra_trees: 0]
[extra_seed: 6]
[early_stopping_round: 0]
[early_stopping_min_delta: 0]
[first_metric_only: 0]
[max_delta_step: 0]
[lambda_l1: 0]
[lambda_l2: 0]
[linear_lambda: 0]
[min_gain_to_split: 0]
[drop_rate: 0.1]
[max_drop: 50]
[skip_drop: 0.5]
[xgboost_dart_mode: 0]
[uniform_drop: 0]
[drop_seed: 4]
[top_rate: 0.2]
[other_rate: 0.1]
[min_data_per_group: 100]
[max_cat_threshold: 32]
[cat_l2: 10]
[cat_smooth: 10]
[max_cat_to_onehot: 4]
[top_k: 20]
[monotone_constraints: ]
[monotone_constraints_method: basic]
[monotone_penalty: 0]
[feature_contri: ]
[forcedsplits_filename: ]
[refit_decay_rate: 0.9]
[cegb_tradeoff: 1]
[cegb_penalty_split: 0]
[cegb_penalty_feature_lazy: ]
[cegb_penalty_feature_coupled: ]
[path_smooth: 0]
[interaction_constraints: ]
[verbosity: -1]
[saved_feature_importance_type: 0]
[use_quantized_grad: 0]
[num_grad_quant_bins: 4]
[quant_train_renew_leaf: 0]
[stochastic_rounding: 1]
[linear_tree: 0]
[max_bin: 255]
[max_bin_by_feature: ]
[min_data_in_bin: 3]
[bin_construct_sample_cnt: 200000]
[data_random_seed: 1]
[is_enable_sparse: 1]
[enable_bundle: 1]
[use_missing: 1]
[zero_as_missing: 0]
[feature_pre_filter: 1]
[pre_partition: 0]
[two_round: 0]
[header: 0]
[label_column: ]
[weight_column: ]
[group_column: ]
[ignore_column: ]
[categorical_feature: ]
[forcedbins_filename: ]
[precise_float_parser: 0]
[parser_config_file: ]
[objective_seed: 5]
[num_class: 1]
[is_unbalance: 0]
[scale_pos_weight: 1]
[sigmoid: 1]
[boost_from_average: 1]
[reg_sqrt: 0]
[alpha: 0.9]
[fair_c: 1]
[poisson_max_delta_step: 0.7]
[tweedie_variance_power: 1.5]
[lambdarank_truncation_level: 30]
[lambdarank_norm: 1]
[label_gain: ]
[lambdarank_position_bias_regularization: 0]
[eval_at: 1,3,5]
[multi_error_top_k: 1]
[auc_mu_weights: ]
[num_machines: 1]
[local_listen_port: 12400]
[time_out: 120]
[machine_list_filename: ]
[machines: ]
[gpu_platform_id: -1]
[gpu_device_id: -1]
[gpu_use_dp: 0]
[num_gpu: 1]

end of parameters

pandas_categorical:null
