tree
version=v4
num_class=1
num_tree_per_iteration=1
label_index=0
max_feature_idx=5
objective=lambdarank
feature_names=Column_0 Column_1 Column_2 Column_3 Column_4 Column_5
feature_infos=[0:2556.6239999999998] [0.55960180000000004:0.99983025000000003] [0.012253175:174.55168] [0.52564690000000003:0.93682193999999996] [0:55.634856999999997] [0.50485252999999997:0.90272284000000003]
tree_sizes=3371 3375 3359 3376 3373 3373 3369 3378

Tree=0
num_leaves=31
num_cat=0
split_feature=1 1 1 1 5 0 4 1 3 5 1 1 0 3 4 2 3 3 1 2 5 5 0 0 3 1 5 4 3 5
split_gain=1200.56 112.21 89.364 16.5582 12.53 10.8529 10.5988 9.19448 8.08656 13.4099 7.40444 6.73184 7.68975 7.25393 6.45853 6.55772 5.82079 5.80105 6.07827 5.75454 5.05732 5.04372 4.92555 4.89932 5.3324 5.49234 5.93407 7.74559 4.61542 5.66316
threshold=0.77211190000000018 0.73627782000000008 0.8392366200000001 0.79662693000000007 0.71378445000000013 7.710938800000001 10.352446000000002 0.70444155000000019 0.74566938000000016 0.67995250000000007 0.88690723000000016 0.77703047000000003 224.84773000000004 0.76296295000000014 8.7153445000000023 5.7445577000000005 0.80953551500000009 0.62926650500000014 0.75589013000000016 4.7279348000000008 0.6525073050000002 0.72167373000000012 58.84386150000001 70.460378000000006 0.64422036500000013 0.72799015000000011 0.65445112500000013 3.9989890000000003 0.79594075000000009 0.73003517500000015
decision_type=2 2 2 2 2 2 2 2 2 2 2 2 2 2 2 2 2 2 2 2 2 2 2 2 2 2 2 2 2 2
left_child=1 7 3 8 5 19 20 21 -2 -10 -4 -11 13 -13 15 -6 23 -7 -19 -3 -5 -1 -23 24 -9 -26 27 -27 -22 -30
right_child=2 4 10 6 14 17 -8 16 9 11 -12 12 -14 -15 -16 -17 -18 18 -20 -21 28 22 -24 -25 25 26 -28 -29 29 -31
leaf_value=-0.18097395078833145 0.073700894785404411 -0.20000000000000001 0.15100006380987832 0.17789619024123038 0.099128742019991223 0.16333234417450351 0.11893985608359869 -0.003920988489773054 -0.14930424997567629 0.11811882452338796 0.18967669915823263 -0.12202266092924148 -0.13803805191445048 0.047453814880452347 0.036376205994578518 -0.096158159091086104 0.14020019763354027 -0.1160079512946945 -0.047055139272095474 0.060199653013043912 0.017550261152858456 -0.13581583371381981 0.13753258523275325 -0.17822514751655777 -0.15119081117380237 -0.19999999999999948 -0.12381135568314955 0.080290156502094812 0.0018672576935800619 0.15526929308541448
leaf_weight=163.80811296915635 28.05996944848448 0.94617001712322135 93.431328012375161 2.9845131561160079 2.1549127041362217 0.93751266598701377 73.557492301566526 3.3192605725489548 5.029487852472811 6.396170616149905 105.26926884800196 2.9142724163830342 3.3416136652231208 18.933743041474372 24.766523466911167 8.510478151496498 0.73770849406719108 31.050049474462867 21.732034498592839 8.3585735904052836 23.409658817690797 2.1601565680466588 0.94872611388564099 26.524535950040445 47.668379537062719 1.3421344957314456 11.659591801464556 3.7146309674717486 3.8430630657821876 6.4382407285738736
leaf_count=5199 362 22 676 23 22 12 686 74 111 84 518 66 73 240 387 184 16 891 452 126 332 92 10 868 1354 43 293 55 52 51
internal_value=1.71146e-10 -0.13023 0.125605 0.0734772 -0.0392195 -0.0659679 0.0970448 -0.164446 0.0333084 0.00235381 0.17149 0.0265027 0.00323948 0.0248476 0.00835896 -0.056701 -0.139605 -0.0832383 -0.0876179 0.0337408 0.0531313 -0.178579 -0.0523991 -0.141795 -0.127523 -0.133895 -0.084574 0.00589733 0.042079 0.0979289
internal_weight=733.948 360.339 373.609 174.908 98.4563 63.0243 110.233 261.883 64.6753 36.6153 198.701 31.5858 25.1896 21.848 35.4319 10.6654 94.9662 53.7196 52.7821 9.30474 36.6755 166.917 3.10888 94.2285 67.704 64.3847 16.7164 5.05677 33.691 10.2813
internal_count=13374 10100 3274 2080 2096 1503 1144 8004 936 574 1194 463 379 306 593 206 2703 1355 1343 148 458 5301 102 2687 1819 1745 391 98 435 103
is_linear=0
shrinkage=0.1


Tree=1
num_leaves=31
num_cat=0
split_feature=1 1 1 5 5 0 1 3 5 3 3 2 0 0 5 3 3 0 0 0 1 2 3 0 1 4 2 0 2 1
split_gain=1807.62 321.51 206.346 65.6128 29.7136 29.252 27.2822 23.9037 23.4345 26.3765 21.0767 18.0085 18.9884 17.7154 17.1688 16.4004 16.9345 24.6731 22.0086 30.2162 17.3135 16.3289 17.7173 16.9061 20.6403 16.2275 21.2162 15.9969 15.932 20.7208
threshold=0.77211190000000018 0.85250295000000009 0.73627782000000008 0.76338291500000011 0.75797175000000017 45.368915000000008 0.88690723000000016 0.6756589500000002 0.65570568000000018 0.78465700000000005 0.84261633500000011 11.085186000000002 16.434091000000006 29.695748500000004 0.6506848300000001 0.8578477000000001 0.76509810000000011 544.94012000000009 140.717365 71.317847000000015 0.82694375500000006 12.098113000000003 0.6989203650000001 13.059289000000001 0.74311125000000011 9.3738785000000018 38.028398500000002 83.804645000000008 45.695803000000005 0.80382740000000008
decision_type=2 2 2 2 2 2 2 2 2 2 2 2 2 2 2 2 2 2 2 2 2 2 2 2 2 2 2 2 2 2
left_child=2 3 8 11 7 -5 -3 -4 9 -1 14 12 -2 -14 -9 16 -13 18 19 20 -18 -16 -23 -24 -25 28 -27 -26 29 -20
right_child=1 6 4 5 -6 -7 -8 10 -10 -11 -12 15 13 -15 21 -17 17 -19 25 -21 -22 22 23 24 27 26 -28 -29 -30 -31
leaf_value=-0.15201809783103179 -0.1902073723001593 0.10466718034769194 0.031029071261456456 0.0037560401927548173 0.064371414833574531 0.091848100942733268 0.1490923564938644 -0.12872868934587808 -0.11122158813341509 0.056604711047130385 0.18618055108985909 0.03912509432260311 0.091959793729278816 -0.041017003056176338 -0.10680727669314556 0.1772378904534932 -0.053178996382207938 0.11321072308516461 -0.1093664522776225 0.076721037471790904 0.088564744069531007 0.052431494777943115 0.020086720738274097 -0.17803833740684111 -0.092396323078986681 -0.13734736491620558 -0.027396356275694519 -0.011029272703060325 -0.074968950097313178 0.11851293142603092
leaf_weight=398.07540454855189 6.9469767622649661 229.27804834395647 36.721935991197824 46.361079670488834 27.904660027474165 201.65316458791494 348.13091755658388 30.975567759945989 280.46244618762285 6.1539814416319123 3.5469780415296546 207.39449018333107 12.287120662629603 54.258526042103767 38.976332189515233 6.5758465975522986 47.448888653889298 17.882247366011143 5.1751096844673183 53.602113897912204 10.529802739620207 20.394318474456668 29.443637540563941 14.133130900561808 44.994005466811359 26.916929814964533 50.429519953206182 52.187865667976439 12.33216076903045 17.427752495743334
leaf_count=4803 42 416 190 141 106 439 518 333 3166 35 6 684 33 178 299 12 172 49 44 176 24 95 133 172 394 92 140 368 62 52
internal_value=-1.23335e-10 0.07493 -0.103156 0.0329391 -0.0338905 0.0753811 0.131452 -0.0439945 -0.133432 -0.148842 -0.0557354 0.0130485 -0.0328872 -0.0164639 -0.0594483 0.0204565 0.018161 0.000175822 -0.00885347 0.0225997 -0.0274362 -0.0487252 -0.0346775 -0.0472986 -0.0651225 -0.0401104 -0.0656598 -0.0487012 0.0164563 0.0663381
internal_weight=2338.6 1354.63 983.97 777.222 299.278 248.014 577.409 271.374 684.692 404.229 234.652 529.207 73.4926 66.5456 231.105 455.715 449.139 241.745 223.862 111.581 57.9787 200.129 161.153 140.759 111.315 112.281 77.3464 97.1819 34.935 22.6029
internal_count=13374 3274 10100 2340 2096 580 934 1990 8004 4838 1800 1760 253 211 1794 1507 1495 811 762 372 196 1461 1162 1067 934 390 232 762 158 96
is_linear=0
shrinkage=0.1


Tree=2
num_leaves=31
num_cat=0
split_feature=1 1 1 1 5 5 5 0 0 5 5 3 3 1 5 2 4 2 4 0 5 3 4 5 1 2 3 0 3 2
split_gain=1284.08 166.173 141.052 36.4048 36.1874 20.9683 16.6466 16.1982 24.128 14.6242 14.5322 21.0805 14.3297 12.6461 13.8045 12.5606 12.4388 22.9062 12.4635 11.8683 22.4603 12.8457 12.2333 13.9373 12.2284 11.7339 16.305 17.3121 16.2628 11.6973
threshold=0.77211190000000018 0.8392366200000001 0.7233075000000001 0.88690723000000016 0.73324203500000007 0.7394318700000001 0.81994723000000003 24.948355500000002 4.9882550500000011 0.69998896500000007 0.63896167000000015 0.63376963500000016 0.77833870000000005 0.96829903000000017 0.81994723000000003 13.1421425 9.9252015000000018 13.931354500000003 21.955668500000005 1.7293476000000003 0.67532848000000012 0.69768441000000014 11.038805000000002 0.67759347500000011 0.74311125000000011 8.0828720000000018 0.74435413000000017 46.826140000000009 0.73308490000000004 18.582748500000005
decision_type=2 2 2 2 2 2 2 2 2 2 2 2 2 2 2 2 2 2 2 2 2 2 2 2 2 2 2 2 2 2
left_child=2 5 9 6 10 -2 16 8 -7 -1 -4 -12 19 -5 -15 -14 -3 -18 29 20 -13 22 23 -21 -23 -6 27 28 -27 -19
right_child=1 3 4 13 25 7 -8 -9 -10 -11 11 12 15 14 -16 -17 17 18 -20 21 -22 24 -24 -25 -26 26 -28 -29 -30 -31
leaf_value=-0.13257036410922443 0.011867420877380288 0.10810104580216132 -0.11712957329492686 0.13885853867278039 -0.11772859241549034 0.11512314718113088 0.14355908748283566 0.060049266939007098 -0.089092508744400445 -0.077336579079316972 0.13870748560530749 0.15919729527538823 0.14602262026934501 0.14416453435049428 -0.0039448627932482279 -0.021517492049305222 -0.058412063515258544 0.15015820896043727 0.11476288307853233 -0.067962869898919517 -0.13587603479349 -0.12900063889476002 -0.13743726738426765 0.04061666894380931 -0.065406625218797879 -0.14269956890356114 -0.027818829595150529 0.11919329524249511 0.094788131420451213 0.044042718519484665
leaf_weight=450.3814031984657 292.69194740988314 73.616148333996534 38.295010466128588 261.2425579354167 5.6372769009321919 8.566674008965494 38.756184995174408 223.57894418295473 17.820942936465144 53.645819854922593 5.7327800616621962 6.2500786408781988 5.4223098903894451 11.746298231184484 13.554933674633501 25.608184210024774 15.125622339546679 11.428776435554026 45.576599892228842 22.492638449650258 4.3925874270498753 47.257004030048847 9.1071046944707614 24.918571042828262 83.954195528756827 5.9476829171180707 26.28531285841018 26.463038498535752 5.5967864021658897 114.06019749678671
leaf_count=6327 1277 147 479 467 47 30 71 687 86 670 21 15 14 24 27 256 50 28 91 199 35 681 86 148 798 48 177 79 20 289
internal_value=-3.9584e-11 0.069892 -0.0930175 0.106859 -0.0435864 0.0300332 0.0824227 0.0513039 -0.0227944 -0.126692 -0.0600041 -0.0507004 -0.0554338 0.132321 0.0648161 0.00775869 0.0733028 0.0595443 0.069974 -0.0653187 0.0374106 -0.0711425 -0.0312856 -0.0108952 -0.0883106 0.0206077 0.0327372 0.0746167 -0.027565 0.0537071
internal_weight=1975.15 1127.77 847.388 585.107 343.361 542.659 298.564 249.967 26.3876 504.027 273.43 235.135 229.403 286.544 25.3012 31.0305 259.807 186.191 171.066 198.372 10.6427 187.73 56.5183 47.4112 131.211 69.9301 64.2928 38.0075 11.5445 125.489
internal_count=13374 3274 10100 1194 3103 2080 676 803 116 6997 2732 2253 2232 518 51 270 605 458 408 1962 50 1912 433 347 1479 371 324 147 68 317
is_linear=0
shrinkage=0.1


Tree=3
num_leaves=31
num_cat=0
split_feature=1 1 1 4 5 5 5 1 3 5 3 3 3 5 4 5 3 4 3 3 4 1 2 1 1 0 5 0 3 3
split_gain=960.778 138.224 106.413 25.9593 16.0191 14.933 15.0874 14.1636 14.1118 13.7681 13.5569 13.077 17.0268 13.0418 10.4017 12.1667 14.3365 10.6805 12.5921 12.445 9.74943 12.4683 14.7556 9.63036 9.25964 10.9558 19.5937 10.6854 9.35444 9.2069
threshold=0.77211190000000018 0.85250295000000009 0.73627782000000008 18.156379000000005 0.74767387000000018 0.72167373000000012 0.72373295000000015 0.80219328500000009 0.81634035000000016 0.79670383000000011 0.65041567000000011 0.85220088000000016 0.79594075000000009 0.79364097000000011 6.4207566000000007 0.67334415000000003 0.79949545000000011 8.4264940000000017 0.73945486500000002 0.77469766000000007 7.2448765000000011 0.88322115000000012 64.382670000000005 0.7268772200000001 0.68937576500000008 262.93153500000005 0.67334415000000003 24.558136000000005 0.64422036500000013 0.82102512500000013
decision_type=2 2 2 2 2 2 2 2 2 2 2 2 2 2 2 2 2 2 2 2 2 2 2 2 2 2 2 2 2 2
left_child=2 3 5 7 10 8 -7 11 24 14 -4 12 -2 20 15 -9 -17 -16 -19 -20 -3 22 29 -8 25 -1 -27 28 -26 -22
right_child=1 13 4 -5 -6 6 23 9 -10 -11 -12 -13 -14 -15 17 16 -18 18 19 -21 21 -23 -24 -25 27 26 -28 -29 -30 -31
leaf_value=-0.13217939799456782 0.0077582982283818562 0.14498342311453069 0.063923733119049447 0.074932321990898595 0.031341347843327864 0.10918276602550173 -0.12507864648376371 0.11965585645588549 0.1731823153288404 0.10025116542584307 -0.047164550470214867 0.14144629039886444 -0.088987191789535569 0.12688705139183204 0.087469721603076436 -0.076938809485693815 0.071900052803230016 0.076394151949244885 -0.035145515446951887 0.032710520808827456 0.049376729157815671 0.10693793645224892 0.12754222479072194 0.014359006715826919 0.012228635002801446 -0.14866248291870529 0.19280568381476923 -0.12097486643618807 -0.087759099963320555 -0.04502185996259974
leaf_weight=247.93363898177631 167.0472365533933 28.882990762591362 11.680801827460526 119.74688163259998 36.803891085088253 5.5200038664042976 14.064029187895359 5.580712739378213 1.6991074085235585 30.854360342025757 184.57984305359423 6.5050556212663642 20.414866171777248 203.79321939498186 36.553395118564367 25.746329626068473 8.6444094814360124 40.776736386120319 38.331069650128484 91.660778168588877 47.60344765894115 94.638626053929329 20.197491075843573 7.6459659934043875 10.335882321000097 3.9748682091012588 2.9111169278621674 126.76970762945712 98.769249732606113 13.196049723774193
leaf_count=3892 839 56 65 344 165 33 244 23 11 84 1866 13 157 435 114 123 25 114 166 338 139 214 50 72 95 79 6 2282 1290 40
internal_value=1.86784e-10 0.0642255 -0.085343 0.0333481 -0.0291999 -0.110525 -0.0384367 0.0228007 -0.114511 0.0372648 -0.0405529 0.0020594 -0.00277741 0.108983 0.0294061 -0.0173022 -0.0395269 0.0384114 0.0279103 0.0127016 0.091143 0.082289 0.0534887 -0.0759706 -0.115507 -0.128724 -0.00430351 -0.101229 -0.0782869 0.0288883
internal_weight=1752.86 1000.17 752.688 591.862 233.065 519.624 27.23 472.115 492.394 278.148 196.261 193.967 187.462 408.312 247.293 39.9715 34.3907 207.322 170.769 129.992 204.519 175.636 80.997 21.71 490.694 254.82 6.88599 235.875 109.105 60.7995
internal_count=13374 3274 10100 2340 2096 8004 349 1996 7655 987 1931 1009 996 934 903 171 148 732 618 504 499 443 229 316 7644 3977 85 3667 1385 179
is_linear=0
shrinkage=0.1


Tree=4
num_leaves=31
num_cat=0
split_feature=1 1 1 1 5 2 0 0 0 0 4 0 5 0 0 4 4 2 1 1 0 3 0 5 3 1 3 5 3 3
split_gain=722.757 110.588 91.313 22.3963 21.3288 18.1284 17.1719 13.1358 12.6974 12.2701 11.26 11.2437 10.8707 12.4179 15.2626 9.69771 17.8842 9.5151 9.39618 9.20632 9.09499 13.1661 8.85599 8.78679 8.35612 8.14821 10.2457 7.95048 19.2128 10.4525
threshold=0.77211190000000018 0.85692024000000011 0.7233075000000001 0.80558740000000018 0.71378445000000013 11.085186000000002 7.710938800000001 50.245422500000011 187.63068500000003 236.92169000000004 18.391306500000002 208.38100000000003 0.70245553500000013 168.25145000000003 21.277183000000004 6.6915293000000009 7.934968500000001 14.526168000000002 0.80056727500000013 0.79502212000000017 30.262748000000006 0.73308490000000004 38.850747500000004 0.78221953000000011 0.81634035000000016 0.76092803000000009 0.77751053000000014 0.68978428500000011 0.7135887150000001 0.74010908000000009
decision_type=2 2 2 2 2 2 2 2 2 2 2 2 2 2 2 2 2 2 2 2 2 2 2 2 2 2 2 2 2 2
left_child=2 3 24 5 6 18 -4 20 12 11 23 25 13 14 -7 -16 -17 -12 19 -2 21 -6 -14 27 -1 -9 -27 -5 -29 -30
right_child=1 -3 4 10 7 8 -8 9 -10 -11 17 -13 22 -15 15 16 -18 -19 -20 -21 -22 -23 -24 -25 -26 26 -28 28 29 -31
leaf_value=-0.11065063105012694 -0.066621644228055416 0.10377682287533573 0.0066782396135812777 0.078620472741462541 -0.10404876664307311 0.10697952749020832 -0.070033667158229007 0.053483364397399015 -0.033686734354143509 -0.15128502451764203 -0.020955878084663641 0.16763391551792187 -0.00089759038354224004 0.14163149705268749 -0.10594327643293065 0.10339667001048905 -0.069314463226860829 0.088229280433591517 -0.16683194883484609 0.062800125664033257 -0.11426884830168538 0.03555118555134499 0.069187658321649234 0.075564272686331188 0.13938175093708796 -0.098661578308920736 0.10810091807172878 -0.10580779098140985 0.084008883661072925 0.01684347874609287
leaf_weight=387.92859247513115 21.886343060061339 338.42772493697703 36.208500634878874 26.328257219865918 10.116628732532265 8.0251313429325801 150.34123715478927 33.991192391142249 36.469122637063265 3.3547091353684655 8.8356686234474164 6.6377128697931758 23.874585265293717 5.313336579129099 15.602367443963884 9.4569875262677687 16.380446365103126 82.565611489582807 6.5262888073921195 7.3394756894558659 11.789443322457371 20.337258916348219 73.642655862495303 46.813571121543646 1.341253925114869 8.7710395930334908 3.2976921219378701 11.404745019972323 28.027729768306017 133.68712330050766
leaf_count=6993 145 882 250 103 118 21 2115 208 270 40 31 17 135 21 121 30 105 217 26 26 128 132 296 158 4 80 15 51 83 553
internal_value=-2.66804e-10 0.0586129 -0.078306 0.0314246 -0.035281 0.00694712 -0.0551442 0.00241613 0.0193136 0.0341515 0.0477001 0.0459563 0.0320052 -0.0036417 -0.0192464 -0.043691 -0.00609893 0.0776745 -0.0583456 -0.03412 -0.0396933 -0.0108232 0.0520291 0.0365749 -0.109789 0.0284213 -0.0421652 0.0274235 0.0196374 0.0284843
internal_weight=1574.72 900.607 674.115 562.179 284.845 224.517 186.55 98.2957 188.765 56.0523 337.663 52.6976 152.296 54.7783 49.4649 41.4398 25.8374 91.4013 35.7521 29.2258 42.2433 30.4539 97.5172 246.261 389.27 46.0599 12.0687 199.448 173.12 161.715
internal_count=13374 3274 10100 2392 3103 1196 2365 738 999 360 1196 320 729 298 277 256 135 248 197 171 378 250 431 948 6997 303 95 790 687 636
is_linear=0
shrinkage=0.1


Tree=5
num_leaves=31
num_cat=0
split_feature=1 1 1 5 2 0 5 4 0 2 5 1 3 0 2 1 1 3 5 0 5 3 5 2 0 0 2 4 3 1
split_gain=566.382 86.2147 70.6859 18.8913 12.3715 10.7725 9.94625 9.75849 9.45294 12.7764 12.532 9.42507 10.0415 9.41757 9.33596 9.31262 8.36976 9.19 8.34645 9.07211 7.66503 9.8641 7.44137 7.31276 7.35805 6.85884 7.49807 8.47063 8.63818 6.50389
threshold=0.7709687850000001 0.84915399500000011 0.7233075000000001 0.71474408500000008 22.915895500000005 48.31389200000001 0.78465260000000014 7.2448765000000011 104.79748700000002 11.085186000000002 0.76338291500000011 0.80219328500000009 0.70541168000000021 7.710938800000001 17.175377000000001 0.82443380000000011 0.91088080000000005 0.83848774500000012 0.69840993000000007 27.855876500000004 0.70069671000000011 0.74081540000000012 0.69998896500000007 70.466290000000001 123.57636700000002 50.245422500000011 34.157368500000011 21.955668500000005 0.81395960000000012 0.88322115000000012
decision_type=2 2 2 2 2 2 2 2 2 2 2 2 2 2 2 2 2 2 2 2 2 2 2 2 2 2 2 2 2 2
left_child=2 4 22 13 5 14 7 -3 9 15 -10 12 -6 -4 20 -7 17 29 19 -14 -2 -22 -1 24 -15 -5 -27 28 -28 -9
right_child=1 6 3 25 11 8 -8 16 10 -11 -12 -13 18 23 -16 -17 -18 -19 -20 -21 21 -23 -24 -25 -26 26 27 -29 -30 -31
leaf_value=-0.1075853972633057 0.051640585789809734 0.13415984351189184 -0.0044379999537830219 -0.027315997481503224 0.10039428138493856 -0.075505697248465953 0.10816954455540562 0.04811885401135562 -0.029924141436283205 0.080555892144285823 0.066640765554021097 0.051621942019922817 0.10887446451799232 -0.057338611659587806 -0.095257416486614191 0.09856950262766781 0.11882758954163544 -0.0033425468621005234 0.02173518617829763 -0.071626031121043182 -0.099660769879857725 0.012712971929734286 -0.060876192990481415 0.038364921517071937 -0.11604652348429366 0.059115995413874869 -0.086341678549887252 0.13643524933697465 0.12182422941522553 0.10741241803298851
leaf_weight=312.6260611693142 15.879250448197125 22.80181559920311 32.597051247954369 37.655072532594204 11.628579711541532 10.834068251773713 185.58596363291144 57.681567771360278 46.776684226468205 43.553116435185075 18.857357326894999 204.32178947515786 3.2053373828530338 103.60571731254458 15.146165233105419 4.2902438566088668 22.471752166748047 23.655881746672094 58.180579894222319 21.209885094314814 13.208071211352943 19.117860696278512 38.284150330349803 6.6115457452833644 26.889315959997475 31.018488428555429 12.403676787391307 2.8131200782954684 2.375160723924636 27.233739838004112
leaf_count=6327 64 54 247 358 43 69 515 197 268 168 64 794 12 1506 76 15 59 75 357 224 91 95 670 72 528 207 114 11 8 86
internal_value=-1.07523e-10 0.0539089 -0.0733413 -0.0333819 0.0269092 0.00678972 0.092584 0.0737828 0.0238935 0.0530581 -0.00218002 0.039556 0.0133915 -0.052751 -0.0267722 -0.0261266 0.063277 0.0517793 0.00114249 -0.0479291 -0.00525396 -0.0332019 -0.102489 -0.0642374 -0.0694357 0.00472158 0.0295388 -0.0226122 -0.0528866 0.0671353
internal_weight=1432.52 825.64 606.879 255.969 486.209 187.663 339.431 153.845 124.311 58.6774 65.634 298.546 94.2244 169.704 63.3513 15.1243 131.043 108.571 82.5958 24.4152 48.2052 32.3259 350.91 137.107 130.495 86.2655 48.6104 17.592 14.7788 84.9153
internal_count=13374 3326 10048 3051 2340 910 986 471 584 252 332 1430 636 2353 326 84 417 358 593 236 250 186 6997 2106 2034 698 340 133 122 283
is_linear=0
shrinkage=0.1


Tree=6
num_leaves=31
num_cat=0
split_feature=1 1 1 4 5 1 5 3 0 4 1 0 3 2 0 0 0 5 4 0 2 3 3 0 3 2 4 2 5 3
split_gain=463.639 63.337 59.5951 10.9371 10.4676 8.90987 8.77105 12.6668 7.351 8.05509 7.22135 15.4114 7.17709 7.08515 8.33312 8.40524 6.86304 5.91067 8.57395 12.3773 8.06629 8.21374 5.6742 5.50394 5.40422 7.40426 6.40248 7.01335 5.75027 5.6831
threshold=0.77211190000000018 0.85250295000000009 0.73627782000000008 18.156379000000005 0.65378225000000012 0.88690723000000016 0.65570568000000018 0.78465700000000005 36.785764500000006 21.133556000000002 0.66849267000000012 44.525517500000007 0.6756589500000002 70.466290000000001 236.92169000000004 208.38100000000003 149.15534000000005 0.76338291500000011 15.483276500000001 176.38436000000004 56.719925000000011 0.8257279500000001 0.81829095000000007 368.19997500000005 0.84261633500000011 59.583669500000006 8.7153445000000023 19.027159500000003 0.65849125000000008 0.74898457500000004
decision_type=2 2 2 2 2 2 2 2 2 2 2 2 2 2 2 2 2 2 2 2 2 2 2 2 2 2 2 2 2 2
left_child=2 3 6 17 -4 -3 7 -1 9 -5 11 -8 -6 14 15 24 -10 -2 20 -20 21 -19 -12 -18 25 26 28 -28 29 -14
right_child=1 5 4 8 12 -7 10 -9 16 -11 22 -13 13 -15 -16 -17 23 18 19 -21 -22 -23 -24 -25 -26 -27 27 -29 -30 -31
leaf_value=-0.10821775315984304 0.012695713164951855 0.067208778483872689 -0.078646433409759436 0.066779569353422705 0.045014506695412779 0.10289033015094658 -0.080203760789543221 0.071084591437695341 0.097875728018070957 -0.12557263891429091 -0.08462244593933671 0.094329111690914097 -0.061224820946404704 0.081034029177096456 -0.14356947836863959 0.095551280336283295 0.016945828714979901 0.05738700016074505 -0.075479609629813399 0.064827061767052538 0.141950911848328 -0.066096329624692599 0.13519983566359997 0.084902818382628711 0.11002555995027374 -0.1706820676641122 -0.050649325003965184 0.02056171644226093 -0.06239187358248547 0.14230626144524922
leaf_weight=212.93411221820861 266.51315259095281 119.43622746132314 28.230526393279433 4.3345817252993566 19.057309206575155 169.01029614731669 15.098145061172547 4.014264963567256 39.146568235009909 4.3739453945308924 133.33868564898148 7.6089776689186683 2.609433874487876 6.5547689087688914 5.7171295690350226 5.9826361984014502 32.052422566339374 56.152235673740506 13.215624822303655 11.993090003728865 10.087730605155228 5.9583046473562709 1.1846836805343617 18.97267359495163 2.8558020219206801 3.5859889183193436 20.740577060729265 41.510137163102627 45.980661486275494 2.892774848267436
leaf_count=4803 1597 416 446 18 129 518 311 35 125 24 2779 68 26 56 103 36 115 249 61 32 29 28 8 62 7 40 227 380 632 14
internal_value=1.06618e-10 0.0513366 -0.0688814 0.0284135 -0.0225726 0.0881158 -0.0918661 -0.1049 0.0579054 -0.0298313 -0.0738817 -0.0217192 -0.012521 -0.0204417 -0.0254855 -0.0201343 0.0663788 0.0204003 0.0414808 -0.00872847 0.0590118 0.0455412 -0.0826866 0.0422143 -0.0258934 -0.029202 -0.0247411 -0.00316425 -0.0508309 0.0457812
internal_weight=1311.14 751.247 559.897 462.8 185.718 288.447 374.179 216.948 98.8802 8.70853 157.23 22.7071 157.487 138.43 131.875 126.158 90.1717 363.92 97.407 25.2087 72.1983 62.1105 134.523 51.0251 120.175 117.32 113.734 62.2507 51.4829 5.50221
internal_count=13374 3274 10100 2340 2096 934 8004 4838 344 42 3166 379 1650 1521 1465 1362 302 1996 399 93 306 277 2787 177 1326 1319 1279 607 672 40
is_linear=0
shrinkage=0.1


Tree=7
num_leaves=31
num_cat=0
split_feature=1 1 1 1 1 5 0 0 4 5 1 0 3 5 3 3 0 2 5 4 4 3 2 5 0 4 5 2 2 5
split_gain=361.203 75.4758 23.6595 13.574 12.0457 10.592 7.89545 9.03361 7.21798 6.69427 8.33032 12.2659 6.55034 6.20633 8.31608 8.14547 7.80647 6.41027 6.06683 5.95867 5.89747 5.79965 7.39078 5.58339 11.1854 5.42849 9.99863 6.70038 6.28564 5.39823
threshold=0.75085448500000007 0.8392366200000001 0.7233075000000001 0.79662693000000007 0.88690723000000016 0.61745727000000017 18.257155000000001 2.925996 5.1205925000000008 0.65570568000000018 0.66849267000000012 30.840107000000003 0.7891549000000001 0.7031554000000001 0.70034312500000018 0.83487165000000008 43.850161000000007 20.886384000000003 0.78221953000000011 6.6915293000000009 8.1238685000000022 0.75052390000000002 23.864609000000005 0.71113741500000016 270.20985500000006 6.6364481500000005 0.67334415000000003 40.726464000000007 34.739189000000003 0.69179928500000021
decision_type=2 2 2 2 2 2 2 2 2 2 2 2 2 2 2 2 2 2 2 2 2 2 2 2 2 2 2 2 2 2
left_child=2 3 9 13 -3 -4 7 -5 12 -1 11 -11 -7 14 17 -16 -15 29 25 -18 -21 -20 -23 -22 -25 26 -8 28 -28 -2
right_child=1 4 5 6 -6 8 18 -9 -10 10 -12 -13 -14 16 15 -17 19 -19 21 20 23 22 -24 24 -26 -27 27 -29 -30 -31
leaf_value=-0.10396598106540096 0.008087876448208178 0.058515715423060916 -0.16134687449423546 0.081367754192819178 0.097131496591224886 -0.080818519814817233 0.10476357292328303 -0.10538296424607388 -0.017758046471382499 -0.085492673571697431 -0.086016996358371595 0.067651707915076284 0.12298925836963984 -0.025374932498108356 -0.049028309762414353 0.13024887251362696 0.078556110905510429 0.081735066579893351 -0.0012796509380915281 -0.12503822221247682 -0.070049794092485809 0.010333523902986835 0.11340667185740223 0.040267721814234214 -0.14179472469378498 0.033947322400115248 -0.045738657279180819 -0.15794651601201948 0.089994097840276344 -0.13743144509743765
leaf_weight=176.37722001108341 17.773381277918823 174.02801173459738 6.8367606475949279 3.7337472662329665 150.75902380049229 33.884991211816669 5.8905744738876846 8.4573759548366052 85.997110331896693 11.525907918345185 87.316292252391577 9.5743503011763078 1.6539377234876145 40.760759944096208 65.477815764956176 2.6363900713622561 18.178105787374079 10.968076379969714 9.7120239585638029 2.9113061763346186 6.2016300437971941 9.4874625951051694 26.078740937635303 57.31656048912555 3.585625485982745 155.58156420849264 16.173485771752901 4.0443761404603711 4.3238896690309039 2.9760959176346651
leaf_count=4481 129 676 142 14 518 599 28 69 1247 273 2137 106 21 357 831 13 105 55 42 50 56 34 88 361 49 720 103 31 15 24
internal_value=4.85584e-10 0.0393334 -0.0758796 0.0138144 0.0764403 -0.0402371 0.0302482 -0.0481873 -0.0334243 -0.0919457 -0.0723907 -0.0160026 -0.0713336 -0.00367517 -0.0223943 -0.0420893 0.0108165 0.0199012 0.0343824 0.0275434 0.0142989 0.0672092 0.0859114 0.020344 0.0295488 0.026392 -0.0122339 -0.040316 -0.017106 -0.0127839
internal_weight=1210.22 797.056 413.167 472.269 324.787 128.373 243.483 12.1911 121.536 284.794 108.417 21.1003 35.5389 228.786 99.8318 68.1142 128.954 31.7176 231.292 88.1932 70.0151 45.2782 35.5662 67.1038 60.9022 186.014 30.4323 24.5418 20.4974 20.7495
internal_count=13374 4368 9006 3174 1194 2009 1144 83 1867 6997 2516 379 620 2030 1052 844 978 208 1061 621 516 164 122 466 410 897 177 149 118 153
is_linear=0
shrinkage=0.1


end of trees

feature_importances:
Column_1=54
Column_5=46
Column_0=45
Column_3=45
Column_2=26
Column_4=24

parameters:
[boosting: gbdt]
[objective: lambdarank]
[metric: ndcg]
[tree_learner: serial]
[device_type: cpu]
[data_sample_strategy: bagging]
[data: ]
[valid: ]
[num_iterations: 100]
[learning_rate: 0.1]
[num_leaves: 31]
[num_threads: 0]
[seed: 0]
[deterministic: 0]
[force_col_wise: 0]
[force_row_wise: 0]
[histogram_pool_size: -1]
[max_depth: -1]
[min_data_in_leaf: 20]
[min_sum_hessian_in_leaf: 0.001]
[bagging_fraction: 1]
[pos_bagging_fraction: 1]
[neg_bagging_fraction: 1]
[bagging_freq: 0]
[bagging_seed: 3]
[bagging_by_query: 0]
[feature_fraction: 1]
[feature_fraction_bynode: 1]
[feature_fraction_seed: 2]
[extra_trees: 0]
[extra_seed: 6]
[early_stopping_round: 0]
[early_stopping_min_delta: 0]
[first_metric_only: 0]
[max_delta_step: 0]
[lambda_l1: 0]
[lambda_l2: 0]
[linear_lambda: 0]
[min_gain_to_split: 0]
[drop_rate: 0.1]
[max_drop: 50]
[skip_drop: 0.5]
[xgboost_dart_mode: 0]
[uniform_drop: 0]
[drop_seed: 4]
[top_rate: 0.2]
[other_rate: 0.1]
[min_data_per_group: 100]
[max_cat_threshold: 32]
[cat_l2: 10]
[cat_smooth: 10]
[max_cat_to_onehot: 4]
[top_k: 20]
[monotone_constraints: ]
[monotone_constraints_method: basic]
[monotone_penalty: 0]
[feature_contri: ]
[forcedsplits_filename: ]
[refit_decay_rate: 0.9]
[cegb_tradeoff: 1]
[cegb_penalty_split: 0]
[cegb_penalty_feature_lazy: ]
[cegb_penalty_feature_coupled: ]
[path_smooth: 0]
[interaction_constraints: ]
[verbosity: -1]
[saved_feature_importance_type: 0]
[use_quantized_grad: 0]
[num_grad_quant_bins: 4]
[quant_train_renew_leaf: 0]
[stochastic_rounding: 1]
[linear_tree: 0]
[max_bin: 255]
[max_bin_by_feature: ]
[min_data_in_bin: 3]
[bin_construct_sample_cnt: 200000]
[data_random_seed: 1]
[is_enable_sparse: 1]
[enable_bundle: 1]
[use_missing: 1]
[zero_as_missing: 0]
[feature_pre_filter: 1]
[pre_partition: 0]
[two_round: 0]
[header: 0]
[label_column: ]
[weight_column: ]
[group_column: ]
[ignore_column: ]
[categorical_feature: ]
[forcedbins_filename: ]
[precise_float_parser: 0]
[parser_config_file: ]
[objective_seed: 5]
[num_class: 1]
[is_unbalance: 0]
[scale_pos_weight: 1]
[sigmoid: 1]
[boost_from_average: 1]
[reg_sqrt: 0]
[alpha: 0.9]
[fair_c: 1]
[poisson_max_delta_step: 0.7]
[tweedie_variance_power: 1.5]
[lambdarank_truncation_level: 30]
[lambdarank_norm: 1]
[label_gain: ]
[lambdarank_position_bias_regularization: 0]
[eval_at: 1,3,5]
[multi_error_top_k: 1]
[auc_mu_weights: ]
[num_machines: 1]
[local_listen_port: 12400]
[time_out: 120]
[machine_list_filename: ]
[machines: ]
[gpu_platform_id: -1]
[gpu_device_id: -1]
[gpu_use_dp: 0]
[num_gpu: 1]

end of parameters

pandas_categorical:null
