tree
version=v4
num_class=1
num_tree_per_iteration=1
label_index=0
max_feature_idx=5
objective=lambdarank
feature_names=Column_0 Column_1 Column_2 Column_3 Column_4 Column_5
feature_infos=[0:6519.6396000000004] [0:0.99983670000000002] [0:219.71095] [0:0.94352937000000003] [0:61.696326999999997] [0:0.9518297]
tree_sizes=3335 3347 3346 3358 3361 3380 3395

Tree=0
num_leaves=31
num_cat=0
split_feature=5 2 4 4 4 1 2 0 4 0 0 4 2 4 2 0 5 3 2 4 0 5 1 3 3 1 3 1 2 1
split_gain=521.728 243.995 15.2828 13.8365 11.6527 10.3525 8.3556 7.83379 5.38804 3.01122 2.40604 17.7845 3.98294 3.45322 2.99216 2.345 2.63878 2.16917 2.55031 1.84461 2.00212 2.38984 1.80983 1.54923 1.54159 1.47742 1.28683 1.17476 1.07946 0.76738
threshold=1.0000000180025095e-35 1.0000000180025095e-35 3.9296194000000004 1.0000000180025095e-35 12.885253500000003 0.79559015000000011 58.591984000000004 5.7781493500000005 4.7130458500000012 4.7443576000000007 3.0297214000000006 1.7701651 3.5666872000000005 15.238359000000001 26.436165500000005 87.575612000000021 0.76922750500000014 1.0000000180025095e-35 68.577243000000024 24.906577500000004 67.835450000000023 0.80678270000000007 0.87022185000000019 0.71705448500000013 0.76675547000000011 0.82152891500000014 0.82394540000000016 0.86022105000000015 31.129070000000002 0.88016962500000007
decision_type=2 2 2 2 2 2 2 2 2 2 2 2 2 2 2 2 2 2 2 2 2 2 2 2 2 2 2 2 2 2
left_child=5 2 15 6 -4 10 9 22 23 -3 -1 12 -12 -13 -14 -2 24 18 -5 20 25 -22 -7 -9 -17 -6 -24 -25 -11 -27
right_child=1 3 4 17 19 7 -8 8 -10 28 11 13 14 -15 -16 16 -18 -19 -20 -21 21 -23 26 27 -26 29 -28 -29 -30 -31
leaf_value=-0.27429201136571862 -0.27415303834909899 -0.04491894663187531 0.27778636253500222 0.22708184760966743 -0.19952719762818086 -0.25869190869811731 -0.27031365177904976 -0.16256281355305688 0.25722735472540231 0.29999999999999977 -0.28032052751872916 0.29999999999999988 0.28087536597054974 -0.081110284786652664 -0.15505077778851672 -0.1345086166997968 -0.28489182538342273 0.29740732398863301 -0.20494690137137969 -0.29127169801735842 0.19464986544851148 -0.21895290452671143 -0.030452462010312018 0.15235630354485977 0.17689288470704351 0.20360749210536888 -0.25698799935570649 -0.099034222479155096 0.092053163865059559 -0.11140161198301428
leaf_weight=72.442979509360157 19.726957462029539 1.1601425341796123 2.2070600618608278 1.3602462864946563 2.6201700433157389 5.6871621619211492 1.379077576450072 2.056177409831434 1.552266744256485 2.0279735005460684 21.808239694277297 1.5662957767490291 0.42963382601737921 0.81240076851099718 2.0198021866381168 0.7494853371754282 1.2371834954246876 110.25095774739748 0.39720734418369819 1.2061931374482808 0.99015175830572821 0.46052422048524022 1.6857201092643666 0.87173111410811521 0.68425485724583268 0.34851371985860158 0.84802411985583592 0.8039989813696593 0.77682348468806584 0.34748363820835948
leaf_count=1852 535 36 68 55 78 132 28 65 37 35 538 28 15 27 59 20 28 1452 8 26 30 10 60 25 23 14 15 19 29 11
internal_value=-2.72343e-10 0.185186 -0.192208 0.283521 -0.0167338 -0.243325 0.0477179 -0.120123 0.022372 0.158335 -0.260118 -0.221569 -0.259951 0.169839 -0.0785888 -0.256294 -0.12439 0.294772 0.129438 -0.12556 -0.0836288 0.0633496 -0.211715 -0.0753147 0.0141083 -0.147925 -0.106272 0.0317416 0.242407 0.046336
internal_weight=260.515 147.93 30.578 117.352 8.1801 112.584 5.34402 13.5051 5.28417 3.96494 99.0794 26.6364 24.2577 2.3787 2.44944 22.3979 2.67092 112.008 1.75745 5.97304 4.76684 1.45068 8.22091 3.73191 1.43374 3.31617 2.53374 1.67573 2.8048 0.695997
internal_count=5358 2486 843 1643 237 2872 128 353 146 100 2519 667 612 55 74 606 71 1515 63 169 143 40 207 109 43 103 75 44 64 25
is_linear=0
shrinkage=0.15


Tree=1
num_leaves=31
num_cat=0
split_feature=2 0 1 4 4 2 2 2 2 4 1 3 5 1 3 2 4 4 1 1 5 4 5 1 0 0 2 2 0 4
split_gain=549.981 301.626 28.3899 21.8445 20.6655 14.1239 9.88787 16.0425 7.61545 7.37929 5.92871 5.1007 3.10416 2.89222 2.84923 6.39472 2.80412 6.19095 2.79417 3.25204 2.81844 2.59569 2.46968 2.21527 2.87365 3.53308 1.9546 1.97374 1.93998 1.85375
threshold=1.0000000180025095e-35 1.0000000180025095e-35 0.98029828000000008 1.0000000180025095e-35 22.187083500000004 31.129070000000002 79.981373000000019 81.554685000000021 22.614994000000003 4.2145790000000014 0.73151981500000007 0.91474688000000015 1.0000000180025095e-35 0.72833430500000007 0.67535305000000012 54.975603000000007 20.606343500000005 4.9947288000000007 0.81047390000000019 0.81738008000000006 0.73753047500000013 12.942076000000002 0.76513708500000011 0.81242906500000012 148.44545500000001 416.95369000000005 63.034723000000007 105.90796300000001 10.220921000000002 17.757005500000002
decision_type=2 2 2 2 2 2 2 2 2 2 2 2 2 2 2 2 2 2 2 2 2 2 2 2 2 2 2 2 2 2
left_child=18 8 3 5 -4 12 -5 -8 9 -2 -9 -12 13 -3 21 16 17 -16 -1 20 28 -10 26 24 -7 -26 -17 -28 -20 -23
right_child=1 2 4 6 -6 23 7 10 14 -11 11 -13 -14 -15 15 22 -18 -19 19 -21 -22 29 -24 -25 25 -27 27 -29 -30 -31
leaf_value=-0.20232919326346605 -0.15035374371477545 -0.16608991021378267 0.21661379452062671 0.24234413047014852 -0.29635054001580924 -0.20231841502308887 -0.086879934548802162 -0.072999641426001946 -0.20589553137941422 0.26498949701748775 0.23952777514512683 -0.033470994963317596 0.24060369825478717 0.27513426750754766 -0.073629338943032918 0.015271966983845057 -0.1626082257859473 0.25010453428751189 -0.043695276526252276 -0.16670171783478857 -0.20428582094758746 0.10912075358811477 -0.26847325211128908 -0.21034494213607477 0.15024918504672005 -0.24359337399730857 -0.23953199041899592 0.013736650838379114 0.28351383622849347 -0.14379558127973363
leaf_weight=170.52272771357093 2.0431476105004545 0.92242777859791913 3.0170209407806388 181.72233513725223 4.2652042061090469 1.5801955517381427 5.3175408588722375 1.666512999683621 37.165033964905888 1.8196260505355892 21.462856097612534 1.6589171290397633 5.5286793280392885 0.52424408704973757 4.5246496023610252 1.5291789062321166 2.6249505095183849 1.8819370260462163 0.77042968757450869 22.484007952967659 0.87314791372045863 0.97943114349618499 5.8944970788434148 2.9281556201167405 2.0500516388565306 0.68332208693027485 3.1495762914419174 0.88738499581813801 0.86589288502000272 1.9507219884544609
leaf_count=2510 31 15 16 1283 6 30 15 8 528 22 134 2 35 15 75 20 11 36 11 327 13 18 19 50 40 8 36 7 11 26
internal_value=3.83269e-10 0.128339 0.207682 0.217073 -0.0838298 0.0370817 0.229153 0.149532 -0.158905 0.0453008 0.200247 0.219941 0.189417 -0.00619936 -0.171924 -0.126424 -0.0320327 0.0214676 -0.195464 -0.148625 0.0133322 -0.195179 -0.200809 -0.109651 -0.0412968 0.0517916 -0.129153 -0.18386 0.129454 -0.0592559
internal_weight=493.294 297.778 233.327 226.045 7.28223 14.2171 211.828 30.1058 64.4501 3.86277 24.7883 23.1218 6.97535 1.44667 60.5874 20.4922 9.03154 6.40659 195.516 24.9935 2.50947 40.0952 11.4606 7.24172 4.31357 2.73337 5.56614 4.03696 1.63632 2.93015
internal_count=5358 2486 1657 1635 22 193 1442 159 829 53 144 136 65 30 776 204 122 111 2872 362 35 572 82 128 78 48 63 43 22 44
is_linear=0
shrinkage=0.15


Tree=2
num_leaves=31
num_cat=0
split_feature=5 2 4 2 3 4 4 0 4 0 0 1 1 2 2 2 2 0 5 3 3 0 2 3 0 0 0 2 4 5
split_gain=324.133 144.635 14.4826 8.47927 7.70531 2.89212 14.3438 4.05347 3.79909 2.75271 2.54324 2.38014 1.93245 2.98583 3.39527 1.7954 1.78721 1.42965 1.34589 1.29448 1.23345 1.2506 1.21032 1.073 1.04155 0.979413 0.969907 2.78598 0.942161 0.930445
threshold=1.0000000180025095e-35 1.0000000180025095e-35 1.0000000180025095e-35 31.129070000000002 1.0000000180025095e-35 1.7701651 10.499450500000002 23.889359000000002 16.337661000000004 8.487598000000002 55.952412000000002 0.98866296000000009 0.76039457500000018 10.656935000000002 48.085575500000012 47.191033000000012 40.21341300000001 421.87085000000008 0.70584785000000017 0.70913255000000019 0.79951633000000011 164.13389500000002 45.309515000000012 0.80585790000000002 5.7781493500000005 411.36721000000006 1.0000000180025095e-35 54.975603000000007 19.562548500000002 0.77099526500000015
decision_type=2 2 2 2 2 2 2 2 2 2 2 2 2 2 2 2 2 2 2 2 2 2 2 2 2 2 2 2 2 2
left_child=5 9 3 24 15 12 -7 16 -9 29 -11 26 20 19 -15 18 -8 28 -4 -14 -1 -22 -5 -21 -3 -23 27 -6 -12 -2
right_child=1 2 4 22 11 6 7 8 -10 10 17 -13 13 14 -16 -17 -18 -19 -20 23 21 25 -24 -25 -26 -27 -28 -29 -30 -31
leaf_value=-0.18928571445162862 -0.14167179307404618 0.01882024570493546 -0.20913113233213604 -0.038079669723481827 0.18715142556664827 0.16108008675909399 -0.17517655337493707 0.21243735564366192 -0.12517328963279423 0.18885284805936703 -0.021464386060671178 0.011579916643058099 -0.17905586009170646 0.11390945249049195 -0.14989069934588159 -0.15015063431779163 0.036918585623184237 -0.2013041339142454 0.21438058583278727 0.026647272948509344 -0.15376888601673927 0.097142357220061606 -0.20449159450897275 -0.16376690584121842 0.20581441497916336 -0.18356486681888692 0.20546866063527158 -0.11093257503356768 -0.19922729277343265 -0.20079266465342013
leaf_weight=83.768081490881741 22.062059340940326 0.88576504122465705 0.22352592833340112 1.4770753537304697 4.4886525566689661 3.537143290275707 33.760487684980035 1.24173868400976 1.8935604561120269 0.83618458826094766 4.4985501691699028 1.4729281738400448 14.760119730315642 2.1094591873697928 2.288888122420758 1.6934635299257932 0.91822915524244209 1.8459125375375149 0.69003501487895846 1.3761024856939905 8.6231136107817274 0.85707151051610597 2.9419830399565399 1.2901206398382781 2.7539776121266186 0.41512409411370754 146.42540630878648 0.83703216444700945 0.78842471179086704 8.2215414936654252
leaf_count=1483 511 13 4 37 52 52 592 32 35 18 109 11 305 51 47 27 19 30 32 28 170 24 44 23 34 11 1371 18 16 159
internal_value=-1.40241e-10 0.12555 0.186849 -0.0092295 0.196989 -0.161815 -0.127774 -0.154794 0.00853778 -0.137081 -0.0586402 0.20134 -0.174003 -0.133807 -0.0233714 -0.0587224 -0.169561 -0.0876537 0.110758 -0.16168 -0.18337 -0.133286 -0.148868 -0.0654895 0.160308 0.00554612 0.203182 0.140302 -0.0479734 -0.157722
internal_weight=358.982 202.143 163.89 8.0588 155.831 156.839 41.3512 37.814 3.1353 38.2527 7.96907 153.224 115.488 21.8247 4.39835 2.60702 34.6787 7.13289 0.913561 17.4263 93.6634 9.89531 4.41906 2.66622 3.63974 1.2722 151.751 5.32568 5.28697 30.2836
internal_count=5358 2486 1643 128 1515 2872 730 678 67 843 173 1452 2142 454 98 63 611 155 36 356 1688 205 81 51 47 35 1441 70 125 670
is_linear=0
shrinkage=0.15


Tree=3
num_leaves=31
num_cat=0
split_feature=5 2 0 2 4 4 1 1 4 2 1 0 0 2 4 0 4 2 4 5 3 2 1 3 1 0 1 4 5 5
split_gain=207.773 99.6979 9.51803 2.85062 2.72666 2.98439 2.37304 2.30922 1.6131 3.33741 1.18377 1.17792 1.28325 1.11821 4.20891 1.50543 1.29223 1.04375 0.966205 0.874101 0.836928 0.759774 0.612351 0.651327 0.59962 0.576755 0.630782 0.486327 0.469858 0.61115
threshold=1.0000000180025095e-35 1.0000000180025095e-35 1.0000000180025095e-35 25.393669000000006 3.9296194000000004 15.631130000000002 0.85187804500000008 0.98866296000000009 1.0000000180025095e-35 31.129070000000002 0.79410040000000015 145.01527000000002 386.09462000000008 3.5666872000000005 1.7701651 3.0297214000000006 16.270000500000005 53.585545000000003 11.075899500000002 0.72977126000000003 1.0000000180025095e-35 60.973275000000008 0.80801380000000012 0.82660256500000007 0.79287493000000009 201.55795000000003 0.85248233500000004 19.905484000000005 0.78586173000000004 0.71783638500000013
decision_type=2 2 2 2 2 2 2 2 2 2 2 2 2 2 2 2 2 2 2 2 2 2 2 2 2 2 2 2 2 2
left_child=6 4 3 -3 28 18 13 8 9 -4 -11 27 -13 -1 15 -15 -16 24 -6 -20 25 22 -5 -24 -17 26 -10 -8 29 -2
right_child=1 2 7 21 5 -7 11 -9 20 10 -12 12 -14 14 16 17 -18 -19 19 -21 -22 -23 23 -25 -26 -27 -28 -29 -30 -31
leaf_value=-0.1658106134946227 -0.18598332692384464 0.17051439753499459 0.19003283698156456 -0.087053098482728131 0.23032509882366403 -0.1206836272384588 -0.082942244187396222 -0.017546267556710095 0.10537065725740981 0.15151551922374978 -0.14594798690588134 0.16663401606583564 -0.094342855446295629 -0.16071416255419876 0.15514623345539458 -0.015466344917038202 -0.056347755283413188 -0.1609332904163904 -0.11179312250736788 0.10726178951424327 0.18681900466419513 -0.17127985037646939 0.1428347610120719 -0.10737702826364978 0.22108450347874165 0.21187701498669198 -0.21187663947231358 -0.23536626880752073 -0.20430140447243109 -0.12875482978856403
leaf_weight=79.580054417601787 6.182055306038829 1.3522836086340237 3.0030032116919747 1.8753087627701464 0.71494186506606583 4.6965646077878773 3.913635909324511 1.3163568726740766 0.28706796700134773 0.39516254561021913 1.2633659008424727 0.9123649706598369 0.79186413809657097 25.626170991628904 1.3124648367520415 1.5818734574131661 1.2878510353621093 1.1530690281651912 0.66577954270178441 1.066275112563744 114.27166767971357 1.3727647196501491 0.6793022302445022 0.35715176817029715 0.28446442307904352 0.28317708522081375 0.27716687507927418 0.53541542217135418 3.8845260944217435 13.08634762233123
leaf_count=1916 180 28 35 51 39 131 99 13 17 12 30 34 21 622 48 49 30 33 18 49 1371 29 34 8 16 12 3 4 82 344
internal_value=-1.62158e-10 0.112737 0.171174 -0.0193578 -0.131715 -0.0507014 -0.151335 0.180043 0.182215 0.0957103 -0.0750741 -0.0606669 0.045372 -0.156369 -0.132324 -0.148911 0.0504002 -0.0487322 0.0836168 0.0230599 0.185718 -0.0792854 -0.0359141 0.0566143 0.0205884 0.037198 -0.0504695 -0.101286 -0.15671 -0.147116
internal_weight=274.009 157.03 126.734 5.63681 30.2965 7.14356 116.979 121.097 119.781 4.66153 1.65853 6.15328 1.70423 110.826 31.2459 28.6456 2.60032 3.01941 2.447 1.73205 115.119 4.28453 2.91176 1.03645 1.86634 0.847412 0.564235 4.44905 23.1529 19.2684
internal_count=5358 2486 1643 150 843 237 2872 1493 1480 77 42 158 55 2714 798 720 78 98 106 67 1403 122 93 42 65 32 20 103 606 524
is_linear=0
shrinkage=0.15


Tree=4
num_leaves=31
num_cat=0
split_feature=5 2 0 2 4 4 4 1 0 2 3 1 4 4 0 4 1 4 4 3 2 4 2 2 3 0 1 4 2 4
split_gain=136.127 65.2794 7.88797 1.88042 2.04845 1.58499 1.69438 1.22755 1.12354 1.60196 0.944431 0.857623 0.817784 0.807623 2.49217 1.16273 0.791592 0.702103 0.664856 0.610985 0.598423 0.660027 0.582917 0.868712 0.573975 0.561148 0.617258 0.520923 1.52522 0.511802
threshold=1.0000000180025095e-35 1.0000000180025095e-35 1.0000000180025095e-35 79.981373000000019 1.0000000180025095e-35 3.9296194000000004 11.075899500000002 0.81389187500000004 457.15854000000007 81.554685000000021 0.88901615500000009 0.72560120000000017 4.9947288000000007 1.7701651 5.7781493500000005 18.929450500000005 0.82020628500000015 10.736564500000002 20.388116000000004 0.79951633000000011 46.418424000000009 15.746334500000001 23.81034 48.085575500000012 1.0000000180025095e-35 6.3769375000000013 0.79903542000000016 1.0000000180025095e-35 31.129070000000002 15.489409750000002
decision_type=2 2 2 2 2 2 2 2 2 2 2 2 2 2 2 2 2 2 2 2 2 2 2 2 2 2 2 2 2 2
left_child=7 5 12 27 -5 -2 -7 13 9 -6 11 -11 -3 19 20 -16 -9 -14 25 -1 21 24 -18 -24 29 -8 -27 28 -4 -15
right_child=1 2 3 4 8 6 18 16 -10 10 -12 -13 17 14 15 -17 22 -19 -20 -21 -22 -23 23 -25 -26 26 -28 -29 -30 -31
leaf_value=-0.15606890404173676 -0.14353317412710179 -0.12432050693438587 0.17970865453235768 -0.19947261071751296 -0.16015908574810422 0.20462269771893488 -0.087308445829142475 0.073813150486326293 0.17278463683628048 -0.166978236396643 -0.11312055653431401 0.15449252598781604 0.19435421589527332 -0.11922040116009372 0.15454706753400618 -0.13793286322067896 -0.11492191883418552 -0.027358062374335339 -0.155597227412242 -0.10688251578321116 0.075112380904079554 -0.1555245766813361 0.13384339634567177 -0.1068896001655481 0.094825589197661334 0.18794801561135976 -0.034895065414166281 0.1772090035534962 -0.039234519348053241 0.035214938520779233
leaf_weight=55.529259330185596 17.530878503108401 1.7776471767574542 2.5630435608327384 0.48121606558561225 0.61899331910535549 0.52560277015436341 2.1075152271369011 0.67288934130919908 4.2190187994856387 0.2005100999958821 0.40104015893302847 2.7154092162381858 0.39325636147987131 6.9796222501318068 1.0565098422812287 0.43041185755282629 6.3930748921702616 1.7580343859735874 1.6754907029680906 6.3300373784732065 0.3117357213050117 12.613108756486325 0.57310368784237631 0.81964909937232733 0.32584198983386148 0.41907839174382366 0.84075307520106435 81.01553063801839 0.99335785186849523 0.51870886422693718
leaf_count=1696 606 49 35 6 9 39 88 24 57 3 10 78 23 211 50 14 180 78 62 220 10 385 31 29 11 17 31 1257 38 11
internal_value=-1.47037e-10 0.105261 0.159158 0.167934 0.101262 -0.121388 -0.0516713 -0.136744 0.119008 0.0613641 0.102704 0.132387 -0.049037 -0.142222 -0.117704 0.0698844 -0.0822751 0.013171 -0.0783842 -0.151036 -0.131148 -0.134294 -0.0957651 -0.00783041 -0.100068 -0.0399653 0.0392329 0.174742 0.118554 -0.108537
internal_weight=212.79 120.236 97.1371 93.2081 8.63619 23.0993 5.56844 92.554 8.15497 3.93595 3.31696 2.91592 3.92894 84.0952 22.2359 1.48692 8.45872 2.15129 5.04284 61.8593 20.749 20.4373 7.78583 1.39275 7.82417 3.36735 1.25983 84.5719 3.5564 7.49833
internal_count=5358 2486 1643 1493 163 843 237 2872 157 100 91 81 150 2608 692 64 264 101 198 1916 628 618 240 60 233 136 48 1330 73 222
is_linear=0
shrinkage=0.15


Tree=5
num_leaves=31
num_cat=0
split_feature=2 0 4 2 4 1 5 1 4 3 0 0 3 3 2 2 5 5 5 5 4 2 2 4 2 0 3 3 0 3
split_gain=92.7618 47.6325 3.57033 2.87339 2.10162 1.23743 1.59517 1.1575 0.835201 0.754914 0.632511 0.685688 0.602532 0.595148 0.558248 1.04992 0.518774 1.0601 0.718441 0.55773 0.631822 0.518198 0.566795 0.452256 0.388624 0.36957 0.360738 0.835887 0.346342 0.31416
threshold=1.0000000180025095e-35 1.0000000180025095e-35 1.0000000180025095e-35 33.293726000000007 4.2145790000000014 0.98029828000000008 0.8276131000000001 0.81275357000000004 10.591624250000001 1.0000000180025095e-35 3.0297214000000006 849.54180000000008 0.69547618000000011 0.71882807000000015 60.268249500000003 43.159618000000009 0.71783638500000013 0.72307562500000011 0.72268247000000008 0.77401125000000015 11.410895000000002 54.975603000000007 54.318780000000011 15.631130000000002 47.191033000000012 91.101842500000018 0.6664015000000002 0.81394243000000011 168.26540500000002 0.79650760000000009
decision_type=2 2 2 2 2 2 2 2 2 2 2 2 2 2 2 2 2 2 2 2 2 2 2 2 2 2 2 2 2 2
left_child=7 4 3 -3 12 9 -7 16 -6 24 -9 25 21 -14 15 -5 -1 18 -18 20 -19 22 -2 -22 -4 -12 -10 -28 -27 -17
right_child=1 2 5 14 8 6 -8 10 26 -11 11 -13 13 -15 -16 29 17 19 -20 -21 23 -23 -24 -25 -26 28 27 -29 -30 -31
leaf_value=-0.14383064805920642 -0.12279569716922328 0.15614210264606068 0.17330007075522777 -0.14629782081549025 0.17987743433795392 0.17670906821691609 -0.15049874492159751 -0.11299180643068488 -0.084341144736632623 0.16861745168497602 0.12806269587362462 -0.15233710411842763 0.21374682249283594 -0.0809973766490759 -0.14752718481267099 0.035252758878280915 -0.055133918781701013 -0.11812013510293772 0.20137122719195114 -0.17134977590094372 0.18426344180177281 -0.17828881875737693 0.11268489767239512 -0.045781503072525889 -0.05894672568625995 -0.11756982037339023 0.14214716088385154 -0.098798775321898222 0.011316501509898725 0.2205461701302201
leaf_weight=50.309003372851294 9.2951152973109892 2.4665107901673755 0.2397843524813642 0.75990872271359 0.54615419660694842 0.70700939139351138 0.63749945443123579 5.4757756099861563 1.1965621856506916 65.587314675416565 0.43911263108020726 0.8430619267746805 0.16160853492328842 3.3356215003877878 1.1109475307166574 0.75635987427085616 0.72090576123446115 5.3160234584938717 0.37270573666319251 3.512986026762519 0.25115333037683718 4.5962086636573067 0.23581898212432939 0.82032404793426394 0.50045020645484328 0.627424024511129 0.69452277210075386 0.60717636975459754 1.8591468504164366 0.28287863079458475
leaf_count=2040 365 73 37 32 28 11 9 195 51 1390 26 21 4 140 43 33 32 246 5 131 22 172 7 45 15 29 39 23 80 14
internal_value=-4.14884e-10 0.0977989 0.154682 0.0370326 -0.10324 0.164029 0.0215633 -0.129919 0.0118438 0.166917 -0.0804412 -0.033147 -0.12312 -0.0673771 -0.0639211 -0.0122955 -0.13738 -0.107862 0.0322837 -0.123343 -0.0969404 -0.136919 -0.116969 0.00814082 0.016285 0.00119864 -0.0248906 0.0297582 -0.0212047 0.0856893
internal_weight=164.265 93.7175 73.0487 5.37661 20.6688 67.6721 1.34451 70.5476 3.04442 66.3275 9.24452 3.76875 17.6244 3.49723 2.91009 1.79915 61.3031 10.9941 1.09361 9.90049 6.3875 14.1271 9.53093 1.07148 0.740235 2.92568 2.49826 1.3017 2.48657 1.03924
internal_count=5358 2486 1657 195 829 1462 20 2872 141 1442 351 156 688 144 122 79 2521 481 37 444 313 544 372 67 52 135 113 62 109 47
is_linear=0
shrinkage=0.15


Tree=6
num_leaves=31
num_cat=0
split_feature=2 4 3 0 1 2 1 0 2 4 0 0 1 0 2 1 3 2 2 2 4 0 4 4 5 3 3 4 3 4
split_gain=62.6579 34.1993 2.39136 1.78803 1.21456 1.10089 0.668584 0.655336 0.666141 0.617362 0.522123 0.809872 0.574525 0.517302 0.514729 0.456632 0.609846 0.419096 0.634577 0.639321 0.389296 1.21368 0.960893 0.948523 0.431665 0.385545 0.60202 0.362184 0.356116 0.320684
threshold=1.0000000180025095e-35 1.0000000180025095e-35 1.0000000180025095e-35 3.0297214000000006 0.81047390000000019 53.585545000000003 0.81838570000000022 1.0000000180025095e-35 79.981373000000019 16.639263000000003 177.38444000000001 117.61483500000001 0.73151981500000007 10.220921000000002 54.975603000000007 0.83326255000000005 0.76854468000000009 20.687708000000004 43.159618000000009 33.293726000000007 4.7130458500000012 67.835450000000023 20.388116000000004 14.928501000000002 0.73629500000000003 0.71705448500000013 0.81652665000000002 10.591624250000001 0.83548247000000009 14.545243500000003
decision_type=2 2 2 2 2 2 2 2 2 2 2 2 2 2 2 2 2 2 2 2 2 2 2 2 2 2 2 2 2 2
left_child=4 3 27 6 20 17 14 9 -9 -4 11 -10 -12 -6 -2 16 -15 -5 19 -19 -1 23 -23 24 29 -17 -27 -3 -11 -22
right_child=1 2 7 5 13 -7 -8 8 10 28 12 -13 -14 15 -16 25 -18 18 -20 -21 21 22 -24 -25 -26 26 -28 -29 -30 -31
leaf_value=-0.13801879261294903 -0.10293397913379741 0.1750085548140301 0.17501452530586431 0.17201080163990848 -0.098863271246995885 -0.1255595862651058 0.0082860492608116346 0.1653025211135099 0.16593540641852345 0.036114276641588013 -0.12894054204855235 -0.11875049020629483 0.14393934113455337 0.15434599010280795 -0.16613427784497048 -0.099809425737779081 -0.095635783531839463 0.075630021399990185 0.1265708640709437 -0.14282823749488949 -0.093272489930332284 0.1352036440906674 -0.19239764510354684 -0.14865829300763811 0.12137767902355838 0.17928127518248121 -0.075428837737551227 -0.045270108839607262 -0.17969383411333353 0.022499653642840105
leaf_weight=32.864340571220964 8.1636444506002572 0.18826199014438216 0.60220768587896489 0.5438951248070224 4.57738779124338 1.0767712222877888 0.90193997044116336 46.347461734127137 0.39603437040932377 0.63212559733074158 0.18249067571014199 0.52011742175091058 3.5630710856930818 0.62081481309724074 4.4965502377599487 1.5970945898443463 0.33973911451175809 0.54723815608304016 0.81070600077509869 0.6709928548661992 3.5472041506727683 0.75859037571353727 0.27428908948786557 8.9570484512369131 0.2659632303402758 0.3423759132856502 0.53509399760514498 1.5562144155846906 0.23637743527069688 0.63464953564107407
leaf_count=1741 429 25 45 28 203 55 36 1251 26 31 6 18 109 28 223 70 16 45 35 32 188 40 13 477 25 17 28 84 8 26
internal_value=-4.14546e-10 0.0928037 0.151277 -0.0914117 -0.119851 0.00178637 -0.116492 0.15702 0.159866 0.058304 0.105817 0.00431361 0.130644 -0.065846 -0.125381 -0.0218496 0.0659297 0.0550827 0.0237379 -0.0446952 -0.128999 -0.108469 0.0482066 -0.120541 -0.0639179 -0.055923 0.0239553 -0.0214979 -0.0226215 -0.0757026
internal_weight=126.751 71.4361 54.2244 17.2117 55.3146 3.6496 13.5621 52.4799 51.0092 1.47071 4.66171 0.916152 3.74556 8.01251 12.6602 3.43512 0.960554 2.57283 2.02894 1.21823 47.3021 14.4377 1.03288 13.4049 4.44782 2.47456 0.87747 1.74448 0.868503 4.18185
internal_count=5358 2486 1603 883 2872 195 688 1494 1410 84 159 44 115 362 652 159 44 140 112 77 2510 769 53 716 239 115 45 109 39 214
is_linear=0
shrinkage=0.15


end of trees

feature_importances:
Column_2=49
Column_4=49
Column_0=37
Column_1=29
Column_3=26
Column_5=20

parameters:
[boosting: gbdt]
[objective: lambdarank]
[metric: ndcg]
[tree_learner: serial]
[device_type: cpu]
[data_sample_strategy: bagging]
[data: ]
[valid: ]
[num_iterations: 500]
[learning_rate: 0.15]
[num_leaves: 31]
[num_threads: 0]
[seed: 0]
[deterministic: 0]
[force_col_wise: 0]
[force_row_wise: 0]
[histogram_pool_size: -1]
[max_depth: -1]
[min_data_in_leaf: 10]
[min_sum_hessian_in_leaf: 0.001]
[bagging_fraction: 1]
[pos_bagging_fraction: 1]
[neg_bagging_fraction: 1]
[bagging_freq: 0]
[bagging_seed: 3]
[bagging_by_query: 0]
[feature_fraction: 1]
[feature_fraction_bynode: 1]
[feature_fraction_seed: 2]
[extra_trees: 0]
[extra_seed: 6]
[early_stopping_round: 0]
[early_stopping_min_delta: 0]
[first_metric_only: 0]
[max_delta_step: 0]
[lambda_l1: 0]
[lambda_l2: 0]
[linear_lambda: 0]
[min_gain_to_split: 0]
[drop_rate: 0.1]
[max_drop: 50]
[skip_drop: 0.5]
[xgboost_dart_mode: 0]
[uniform_drop: 0]
[drop_seed: 4]
[top_rate: 0.2]
[other_rate: 0.1]
[min_data_per_group: 100]
[max_cat_threshold: 32]
[cat_l2: 10]
[cat_smooth: 10]
[max_cat_to_onehot: 4]
[top_k: 20]
[monotone_constraints: ]
[monotone_constraints_method: basic]
[monotone_penalty: 0]
[feature_contri: ]
[forcedsplits_filename: ]
[refit_decay_rate: 0.9]
[cegb_tradeoff: 1]
[cegb_penalty_split: 0]
[cegb_penalty_feature_lazy: ]
[cegb_penalty_feature_coupled: ]
[path_smooth: 0]
[interaction_constraints: ]
[verbosity: -1]
[saved_feature_importance_type: 0]
[use_quantized_grad: 0]
[num_grad_quant_bins: 4]
[quant_train_renew_leaf: 0]
[stochastic_rounding: 1]
[linear_tree: 0]
[max_bin: 255]
[max_bin_by_feature: ]
[min_data_in_bin: 3]
[bin_construct_sample_cnt: 200000]
[data_random_seed: 1]
[is_enable_sparse: 1]
[enable_bundle: 1]
[use_missing: 1]
[zero_as_missing: 0]
[feature_pre_filter: 1]
[pre_partition: 0]
[two_round: 0]
[header: 0]
[label_column: ]
[weight_column: ]
[group_column: ]
[ignore_column: ]
[categorical_feature: ]
[forcedbins_filename: ]
[precise_float_parser: 0]
[parser_config_file: ]
[objective_seed: 5]
[num_class: 1]
[is_unbalance: 0]
[scale_pos_weight: 1]
[sigmoid: 1]
[boost_from_average: 1]
[reg_sqrt: 0]
[alpha: 0.9]
[fair_c: 1]
[poisson_max_delta_step: 0.7]
[tweedie_variance_power: 1.5]
[lambdarank_truncation_level: 30]
[lambdarank_norm: 1]
[label_gain: ]
[lambdarank_position_bias_regularization: 0]
[eval_at: 1,3,5,10]
[multi_error_top_k: 1]
[auc_mu_weights: ]
[num_machines: 1]
[local_listen_port: 12400]
[time_out: 120]
[machine_list_filename: ]
[machines: ]
[gpu_platform_id: -1]
[gpu_device_id: -1]
[gpu_use_dp: 0]
[num_gpu: 1]

end of parameters

pandas_categorical:null
