tree
version=v4
num_class=1
num_tree_per_iteration=1
label_index=0
max_feature_idx=5
objective=lambdarank
feature_names=Column_0 Column_1 Column_2 Column_3 Column_4 Column_5
feature_infos=[0:6519.6396000000004] [0:0.99983670000000002] [0:195.25443000000001] [0:0.94352937000000003] [0:61.696326999999997] [0:0.9518297]
tree_sizes=3339 3332 3344 3344 3361

Tree=0
num_leaves=31
num_cat=0
split_feature=1 4 2 0 5 4 2 4 4 1 0 1 0 2 2 3 0 5 1 5 1 3 2 1 4 4 4 3 2 3
split_gain=493.408 219.622 19.8334 16.1405 9.54348 21.1934 7.45241 7.13634 6.5526 6.22675 4.42567 3.9563 2.9166 2.70983 2.4485 2.31627 2.23998 2.91816 2.17159 2.39319 2.16189 2.43122 2.12738 3.00014 1.36952 1.06053 1.43052 0.874241 1.55459 3.22915
threshold=1.0000000180025095e-35 1.0000000180025095e-35 2.4867794000000001 1.0000000180025095e-35 0.6973376200000001 3.6243253000000002 47.964234000000012 14.979200500000003 15.652243250000001 0.98908603000000006 9.5602655000000016 0.82586670000000006 905.62200000000007 5.8729967500000013 21.141654000000006 0.69126058000000012 44.81567900000001 0.76357865000000003 0.88675703000000017 0.76157545000000015 0.85470915000000003 0.76839233000000007 1.0000000180025095e-35 0.87349498000000014 22.418601000000006 11.485825500000002 13.786383000000002 0.79231227000000015 15.973680000000003 0.80504930000000019
decision_type=2 2 2 2 2 2 2 2 2 2 2 2 2 2 2 2 2 2 2 2 2 2 2 2 2 2 2 2 2 2
left_child=4 2 10 7 27 16 18 -3 25 22 -2 -9 -8 24 -13 -12 -6 -18 19 -4 21 -17 23 -5 -10 -7 -27 -1 -29 -30
right_child=1 3 6 9 5 8 12 11 13 -11 15 14 -14 -15 -16 20 17 -19 -20 -21 -22 -23 -24 -25 -26 26 -28 28 29 -31
leaf_value=-0.27033966654398711 -0.27278022779034783 0.24281900424229561 0.23527911661226175 0.24606128210932268 -0.267383583506624 0.29910454975973561 -0.18025673633879763 -0.23329082330905565 -0.063849049332000696 -0.11225761769201567 -0.2044453905932995 -0.12808865701509975 0.19543360385630756 0.183208083594465 0.21247235413559484 0.14978451521252181 0.21864388969514223 -0.2384390843561183 -0.13628496373669505 -0.0839457096766313 0.19839011632529582 -0.23833792188528491 0.29544078297678267 -0.15198095082183724 -0.28210094339091285 -0.066249056541232781 0.2844304977715793 -0.26484511173966435 0.25544047194585684 -0.19498480468089591
leaf_weight=76.447139669500757 18.252013451303359 2.4769735308364025 3.6378963241004367 1.7823414686135941 15.018828915082855 1.8807383768726134 3.2925053562503312 1.9571419074200096 2.4446023898199205 0.86280388431623478 3.1291354238055638 0.82202999666333187 0.54139429121278215 0.81764684757217754 1.1251590144820509 0.54941970482468638 0.50731796817853936 0.82587290182709694 0.51829103648196895 0.61819880781695236 0.77103087003342796 1.0710169533267615 105.79619516627281 0.55989299784414459 0.87968042981810857 0.5185600724071262 0.52846070053055882 6.1962043119128776 0.41376896901056204 2.6626169295050204
leaf_count=2047 486 67 80 56 390 43 75 48 48 15 99 24 8 30 26 10 28 13 11 19 22 23 1368 21 16 23 20 163 13 67
internal_value=-3.75646e-10 0.178657 -0.166544 0.275534 -0.241878 -0.157023 0.0285424 0.0436659 0.0599813 0.289108 -0.237186 -0.0826802 -0.127205 -0.0614314 0.0687003 -0.119505 -0.250843 -0.0645057 0.153609 0.188912 -0.00836494 -0.106742 0.29231 0.150912 -0.121603 0.231745 0.110749 -0.265064 -0.221568 -0.134403
internal_weight=256.905 147.763 32.3809 115.383 109.141 23.4217 8.60829 6.3813 7.06969 109.001 23.7726 3.90433 3.8339 4.14193 1.94719 5.5206 16.352 1.33319 4.77439 4.2561 2.39147 1.62044 108.138 2.34223 3.32428 2.92776 1.04702 85.7197 9.27259 3.07639
internal_count=5359 2458 833 1625 2901 611 193 165 180 1460 640 98 83 94 50 154 431 41 110 99 55 33 1445 77 64 86 43 2290 243 80
is_linear=0
shrinkage=0.15


Tree=1
num_leaves=31
num_cat=0
split_feature=3 4 0 4 4 3 0 0 1 0 5 5 1 2 2 3 2 1 5 4 1 4 3 3 0 2 2 0 4 4
split_gain=537.558 252.399 18.837 14.4529 12.8581 19.2402 9.18526 6.60235 11.1296 5.22201 4.78258 5.76665 6.80284 3.97753 3.85023 5.22216 3.6573 4.6958 3.70292 9.09327 2.89864 4.89234 5.18073 5.06159 2.19955 8.19614 13.8148 7.06023 5.32972 6.83812
threshold=1.0000000180025095e-35 1.0000000180025095e-35 1.0000000180025095e-35 16.672860000000004 22.787516500000002 0.91617488000000014 154.98623500000005 137.10236500000002 0.89517522000000016 473.35124000000002 0.7436143300000001 0.76922846000000011 0.76682245000000016 2.4867794000000001 2.4867794000000001 0.74694575000000007 1.0000000180025095e-35 0.82113277000000007 1.0000000180025095e-35 19.427976500000003 0.82315194500000011 25.136211500000005 0.85693609500000012 0.88046838000000016 2.2957207000000004 3.4394540500000006 42.275938000000004 196.45717000000005 6.7553870000000007 18.892436000000004
decision_type=2 2 2 2 2 2 2 2 2 2 2 2 2 2 2 2 2 2 2 2 2 2 2 2 2 2 2 2 2 2
left_child=10 6 3 -3 16 7 14 8 -6 -8 24 12 -12 -9 -2 -16 17 -4 19 -18 -15 22 -22 -24 -1 28 -27 -28 -26 -30
right_child=1 2 4 -5 5 -7 9 13 -10 -11 11 -13 -14 20 15 -17 18 -19 -20 -21 21 -23 23 -25 25 26 27 -29 29 -31
leaf_value=-0.20134407216715106 -0.19515312073956081 0.22255835598381174 0.25587676105086493 -0.15235777861574287 0.19666913428615806 -0.28688245049215427 0.12089024326209734 -0.11974359099479344 -0.15913515293103689 -0.15283191783234812 0.020711509328701427 -0.19005863391983349 -0.2153030792579626 0.058963699343655952 0.120897891764034 -0.14077945613328219 0.25595957436662198 -0.1595892329939034 0.23434872098458209 -0.26180240888574602 0.23880147558500414 0.24476877446034048 -0.19214006845644885 0.14662970312623333 -0.20689505861458182 0.19597541980174124 0.14011141729017365 -0.2677262858867604 0.21059234714347849 -0.23656556009278129
leaf_weight=131.28494233405218 37.469338991679251 3.8390825926326198 1.215782176703214 5.8218333227559924 4.4593264264985901 2.2632413972169152 4.1298912833444765 0.91076836362481017 3.5549694187939167 2.5282030394300818 9.0138983777724224 14.004014149308203 3.9528897488489738 3.0784725174307814 2.0158077733358359 11.534792835125698 2.187926071695983 1.2327269250527022 172.15537736978149 1.1720495447516439 3.5069809071719673 23.814590470865369 1.8572332663461568 2.1309002200141549 40.352200952358544 3.5396074051968736 1.212377769872546 4.4996610581874847 1.6159371724352234 1.4689829051494596
leaf_count=1795 551 68 26 74 33 5 94 8 11 30 134 204 44 16 32 180 30 19 1141 3 17 98 7 15 585 46 21 29 28 15
internal_value=-2.8976e-10 0.132207 0.201697 -0.00337253 0.210559 0.139471 -0.148749 0.16175 0.038842 0.0169528 -0.182306 -0.123317 -0.0512369 0.189655 -0.170373 -0.101852 0.228765 0.0467062 0.231305 0.0753503 0.197849 0.211505 0.105812 -0.0111319 -0.190954 -0.165064 -0.0368727 -0.181163 -0.192367 -0.00233613
internal_weight=501.824 290.879 233.201 9.66092 223.54 45.5765 57.678 43.3132 8.0143 6.65809 210.945 26.9708 12.9668 35.2989 51.0199 13.5506 177.964 2.44851 175.515 3.35998 34.3882 31.3097 7.49511 3.98813 183.974 52.6888 9.25165 5.71204 43.4371 3.08492
internal_count=5359 2458 1571 142 1429 210 887 205 44 124 2901 382 178 161 763 212 1219 45 1174 33 153 137 39 22 2519 724 96 50 628 43
is_linear=0
shrinkage=0.15


Tree=2
num_leaves=31
num_cat=0
split_feature=3 0 4 1 3 1 1 1 0 0 3 3 1 5 4 4 2 1 2 2 3 4 4 4 3 3 3 1 4 4
split_gain=325.482 143.133 16.8295 7.00059 4.11005 4.03937 3.97175 3.36195 3.01 3.32906 2.87625 10.4002 3.19665 5.54539 2.62222 10.9986 2.5445 2.33944 1.84405 2.04178 1.31427 1.79853 9.74173 1.31081 1.21217 1.52454 1.16943 1.97507 1.10141 1.79282
threshold=1.0000000180025095e-35 1.0000000180025095e-35 1.0000000180025095e-35 0.98908603000000006 0.73791958000000013 0.78307080000000007 0.78395022000000014 0.81802285000000008 9.5602655000000016 56.612253000000003 0.82855522500000012 0.82985318000000008 0.82781075000000015 0.78813912000000019 5.0568258000000013 10.576182000000001 15.174099000000002 0.92820859000000011 4.808513200000001 39.588148000000011 0.84605135000000009 19.050989500000004 18.153928500000003 25.988556500000005 0.82216655000000005 0.82660770000000017 0.85820078000000011 0.78608821500000015 25.136211500000005 21.601333500000006
decision_type=2 2 2 2 2 2 2 2 2 2 2 2 2 2 2 2 2 2 2 2 2 2 2 2 2 2 2 2 2 2
left_child=5 7 4 10 -3 14 -7 18 -8 -10 -4 -12 13 -13 -1 -16 -17 23 24 -20 21 22 -14 -9 -2 -26 27 -6 29 -18
right_child=1 2 3 -5 26 6 8 17 9 -11 11 12 20 -15 15 16 28 -19 19 -21 -22 -23 -24 -25 25 -27 -28 -29 -30 -31
leaf_value=-0.18768722860756443 -0.18900315832001574 0.15914299628821363 0.20800678310468587 -0.15322579308468978 -0.13234762437305855 0.18230906586339543 -0.15906015054286374 0.057330510480073413 0.24542648192822486 -0.078487089614387703 -0.19888643159750338 0.20976141648257587 0.21007763008753896 -0.20821627650522223 0.17807958524024889 -0.17079793234575949 -0.047061352085536454 -0.25410714380222088 0.0462472041120712 -0.13327709617848027 0.20175176305036199 0.19727686286425811 -0.26109786309007066 -0.15526079820034336 0.13341709772104268 -0.13547995880684346 -0.21010763325910661 0.038042325723205185 -0.21925810660211664 0.29207016293971483
leaf_weight=92.646981342229992 20.996955908369277 2.3704262853134406 111.83515283250017 1.3118877597153176 2.9116584721487015 1.0139115247875476 15.932220282498749 3.6088314107619217 0.78729151189327051 7.6597751057706773 1.7101959590800095 1.6140576698817306 3.4002131363376957 1.2809880524873731 2.2830169582739464 34.92720229155384 1.1868663802742951 0.84114758297801007 1.8873547562398005 5.824028929695487 34.225124562159181 5.8362801596522331 1.3912952356040476 0.79662904515862454 0.52579166740178962 4.854031290858984 1.1095404662191866 3.2271681448910385 0.41649782750755537 0.49786360375583161
leaf_count=1665 446 23 1066 14 83 6 298 89 13 157 9 34 33 7 59 653 34 8 59 116 233 28 5 11 9 81 14 90 7 9
internal_value=-1.27946e-10 0.121511 0.180475 0.191879 -0.0123163 -0.163371 -0.108584 -0.136658 -0.120682 -0.0482974 0.194686 0.164565 0.177583 0.0248163 -0.173914 -0.141452 -0.161153 -0.0248791 -0.153863 -0.0893387 0.187443 0.141366 0.0732639 0.0188881 -0.172726 -0.1092 -0.0683885 -0.042774 -0.000839965 0.0531572
internal_weight=368.91 211.559 172.224 162.605 9.61879 157.352 25.3932 39.3348 24.3793 8.44707 161.293 49.4582 47.748 2.89505 131.958 39.3114 37.0284 5.24661 34.0882 7.71138 44.8529 10.6278 4.79151 4.40546 26.3768 5.37982 7.24837 6.13883 2.10123 1.68473
internal_count=5359 2458 1639 1429 210 2901 474 819 468 170 1415 349 340 41 2427 762 703 108 711 175 299 66 38 100 536 90 187 173 50 43
is_linear=0
shrinkage=0.15


Tree=3
num_leaves=31
num_cat=0
split_feature=4 2 0 4 1 2 0 2 2 1 0 2 4 0 4 3 1 3 5 4 5 5 4 4 5 2 1 1 5 2
split_gain=209.464 103.524 6.84645 5.16728 3.18769 1.78766 4.21585 3.63282 2.20507 1.43742 1.46303 1.4169 1.28549 2.65639 1.1298 1.09274 1.05552 0.996397 0.954219 1.16619 1.29125 0.935991 0.935344 2.49601 0.93197 3.63023 0.899816 0.810111 1.16815 0.80337
threshold=1.0000000180025095e-35 1.0000000180025095e-35 1.0000000180025095e-35 10.788459500000002 0.81070709500000016 2.4867794000000001 148.35847500000003 15.973680000000003 54.063766000000008 0.81715441000000011 21.553815000000004 33.174480500000008 19.960261500000005 141.20309 19.838585000000005 0.70261323500000017 0.82262827500000013 0.69466758000000006 0.70582318000000011 15.652243250000001 0.74931573500000004 0.75224578500000006 18.711403500000007 18.762844000000005 1.0000000180025095e-35 80.848723000000021 0.87675785000000006 0.97985768500000014 0.83201515000000004 78.809330000000003
decision_type=2 2 2 2 2 2 2 2 2 2 2 2 2 2 2 2 2 2 2 2 2 2 2 2 2 2 2 2 2 2
left_child=4 3 11 -2 5 -1 7 -7 -8 -6 26 -3 13 14 18 -12 -13 -9 22 21 -21 -20 -5 -24 25 -4 -11 -26 -29 -17
right_child=1 2 24 12 9 6 8 17 -10 10 15 16 -14 -15 -16 29 -18 -19 19 20 -22 -23 23 -25 27 -27 -28 28 -30 -31
leaf_value=-0.17006137072136404 0.11806400153304498 0.15104881319342869 0.19629285865318077 -0.16901070945278246 0.032581453553319234 0.20084052098223723 0.18750406959001106 -0.16327670103950284 -0.12519100248986689 -0.17787480218912971 -0.11137668646670519 -0.11300330065533672 -0.17985195850696328 0.064002345052242379 0.071488229194213465 0.052229715970862546 0.065690894886408877 -0.091261960580575466 -0.057853461763613723 0.072709554360446224 -0.20023737354785839 0.19275740397837979 0.24702145527600081 -0.14207954875378812 0.1849995376191399 -0.20240188030976758 -0.07370158575961798 0.19772762172343381 -0.0067329950151725944 -0.16758900353327449
leaf_weight=74.083325271960348 1.9081966155208636 0.95908202417194743 2.0022601741366084 13.117707470431936 2.0230057360604432 0.67816125485115009 1.3889632644131773 24.039321729913357 0.79948063846677531 5.5315459615085256 2.80790881672874 2.3058412331156437 10.2283214693889 1.7121811329852779 0.60228867456316848 2.5053399633616213 1.0978775466792283 5.2706650979816905 0.87386583024635844 0.5088363224640492 1.6694501154124735 0.5440927934832871 0.46005137264728491 1.9150449577718971 117.35470916327904 0.69124608486890782 2.8150573000311852 1.3021677620708936 1.2157048285007475 0.43974406272172917
leaf_count=1773 77 51 48 328 44 16 34 541 24 133 67 58 267 47 9 64 35 145 31 16 32 20 2 50 1352 7 55 13 12 8
internal_value=-2.5914e-10 0.112728 0.17466 -0.121649 -0.147809 -0.157239 -0.127718 -0.142385 0.0732705 -0.0856601 -0.102625 -0.00998875 -0.136109 -0.115206 -0.130788 -0.0444253 -0.0553651 -0.150327 -0.13717 -0.0675614 -0.136478 0.0383098 -0.153328 -0.0667115 0.181233 0.0939741 -0.14274 0.183193 0.0990079 0.0194076
internal_weight=282.851 160.469 126.929 33.54 122.383 106.26 32.1766 29.9881 2.18844 16.1226 14.0996 4.3628 31.6318 21.4035 19.6913 5.75299 3.40372 29.31 19.089 3.59625 2.17829 1.41796 15.4928 2.3751 122.566 2.69351 8.3466 119.873 2.51787 2.94508
internal_count=5359 2455 1576 879 2904 2533 760 702 58 371 327 144 802 535 488 139 93 686 479 99 48 51 380 52 1432 55 188 1377 25 72
is_linear=0
shrinkage=0.15


Tree=4
num_leaves=31
num_cat=0
split_feature=2 0 4 2 1 1 2 3 2 0 0 2 3 1 2 2 3 0 2 1 2 2 2 2 5 5 1 2 2 3
split_gain=142.581 66.2747 5.376 2.6949 1.51089 1.31828 1.05774 0.931569 0.90049 0.870338 1.33851 0.869023 1.42121 1.16278 0.807102 1.45441 0.790053 0.700301 0.810984 0.661684 0.653393 1.33865 1.1958 1.43949 0.608188 0.588556 0.557639 0.553602 2.55367 0.544882
threshold=1.0000000180025095e-35 1.0000000180025095e-35 1.0000000180025095e-35 54.063766000000008 0.76315641500000009 0.80227470000000012 37.849570000000007 0.78541588500000004 41.765301000000008 10.479323500000001 199.68125000000003 44.001635000000007 0.68695390000000012 0.97985768500000014 45.617914500000005 45.002203500000007 0.82660770000000017 148.35847500000003 31.149734500000005 0.90485895000000005 98.083273000000005 105.26394500000002 55.384795000000004 54.494680500000008 0.74751817500000006 0.82878925000000014 0.82586670000000006 30.241414000000002 30.007860000000004 0.82855522500000012
decision_type=2 2 2 2 2 2 2 2 2 2 2 2 2 2 2 2 2 2 2 2 2 2 2 2 2 2 2 2 2 2
left_child=5 4 3 17 7 -1 -6 20 -9 -7 24 -4 -13 14 15 -14 -10 18 -3 -12 22 -22 23 27 -11 -8 -26 28 -2 -16
right_child=1 2 11 -5 6 9 25 8 16 10 19 12 13 -15 29 -17 -18 -19 -20 -21 21 -23 -24 -25 26 -27 -28 -29 -30 -31
leaf_value=-0.14831800039174073 -0.12145135831259062 0.13470264541281238 0.18068368723209408 -0.12353116252657703 0.068912631976029676 -0.13077761482447192 -0.10803353125034725 0.15133338028061044 0.01837517774745601 0.082497455121849139 -0.072504290457093612 -0.13317107258560978 0.17966351381796511 -0.0049408135589320791 0.17982803767782868 -0.070136637258050777 -0.17439355069276821 0.16386762939115135 -0.091159258150230238 -0.21699585035821525 0.17481922576145664 -0.18689141812790333 -0.18977497849970068 0.094985630862735801 -0.20949495321304393 0.093487399181932551 0.053541210313973318 -0.14080326179896158 0.23793480634195513 0.14352717696099607
leaf_weight=79.568773212609813 3.2905471744015933 0.71181114634964548 53.604729660088196 2.0344469961710274 1.7348999239038665 7.8335562408901733 2.3871245030313735 0.49252199055626933 0.97617560159414984 1.6564204948954286 2.5283642029389743 0.39031157409772177 1.1782709667459124 1.0046965116634954 20.730614900588989 0.94505210127681483 0.93806918896734715 1.6869998092297462 0.71899197204038501 0.993224337697029 0.46404427848756213 0.45685751549899578 6.0028892783448091 0.732834782451392 0.37456184532493342 0.37767525250092138 0.35154638951644301 9.28155853692442 0.51440575253218401 16.878391200094484
leaf_count=2498 106 39 893 59 65 242 82 18 27 46 76 15 18 14 259 8 29 67 20 16 5 18 170 12 9 9 14 296 4 225
internal_value=-4.42408e-10 0.103092 0.159984 0.0107656 -0.102429 -0.14091 -0.022896 -0.117888 -0.0295503 -0.0980001 -0.0545109 0.1681 0.151698 0.154427 0.158457 0.0684821 -0.0760905 0.0983977 0.0212049 -0.113257 -0.128137 -0.00462469 -0.133875 -0.109594 0.0323202 -0.0805055 -0.0821456 -0.12105 -0.0728646 0.163537
internal_weight=220.84 127.534 99.8843 5.15225 27.6496 93.3064 4.4997 23.1499 2.40677 13.7377 5.90412 94.7321 41.1273 40.737 39.7323 2.12332 1.91424 3.1178 1.4308 3.52159 20.7431 0.920902 19.8222 13.8193 2.38253 2.7648 0.726108 13.0865 3.80495 37.609
internal_count=5359 2458 1617 185 841 2901 156 685 74 403 161 1432 539 524 510 26 56 126 59 92 611 23 588 418 69 91 23 406 110 484
is_linear=0
shrinkage=0.15


end of trees

feature_importances:
Column_2=35
Column_4=30
Column_1=27
Column_3=23
Column_0=21
Column_5=14

parameters:
[boosting: gbdt]
[objective: lambdarank]
[metric: ndcg]
[tree_learner: serial]
[device_type: cpu]
[data_sample_strategy: bagging]
[data: ]
[valid: ]
[num_iterations: 500]
[learning_rate: 0.15]
[num_leaves: 31]
[num_threads: 0]
[seed: 0]
[deterministic: 0]
[force_col_wise: 0]
[force_row_wise: 0]
[histogram_pool_size: -1]
[max_depth: -1]
[min_data_in_leaf: 10]
[min_sum_hessian_in_leaf: 0.001]
[bagging_fraction: 1]
[pos_bagging_fraction: 1]
[neg_bagging_fraction: 1]
[bagging_freq: 0]
[bagging_seed: 3]
[bagging_by_query: 0]
[feature_fraction: 1]
[feature_fraction_bynode: 1]
[feature_fraction_seed: 2]
[extra_trees: 0]
[extra_seed: 6]
[early_stopping_round: 0]
[early_stopping_min_delta: 0]
[first_metric_only: 0]
[max_delta_step: 0]
[lambda_l1: 0]
[lambda_l2: 0]
[linear_lambda: 0]
[min_gain_to_split: 0]
[drop_rate: 0.1]
[max_drop: 50]
[skip_drop: 0.5]
[xgboost_dart_mode: 0]
[uniform_drop: 0]
[drop_seed: 4]
[top_rate: 0.2]
[other_rate: 0.1]
[min_data_per_group: 100]
[max_cat_threshold: 32]
[cat_l2: 10]
[cat_smooth: 10]
[max_cat_to_onehot: 4]
[top_k: 20]
[monotone_constraints: ]
[monotone_constraints_method: basic]
[monotone_penalty: 0]
[feature_contri: ]
[forcedsplits_filename: ]
[refit_decay_rate: 0.9]
[cegb_tradeoff: 1]
[cegb_penalty_split: 0]
[cegb_penalty_feature_lazy: ]
[cegb_penalty_feature_coupled: ]
[path_smooth: 0]
[interaction_constraints: ]
[verbosity: -1]
[saved_feature_importance_type: 0]
[use_quantized_grad: 0]
[num_grad_quant_bins: 4]
[quant_train_renew_leaf: 0]
[stochastic_rounding: 1]
[linear_tree: 0]
[max_bin: 255]
[max_bin_by_feature: ]
[min_data_in_bin: 3]
[bin_construct_sample_cnt: 200000]
[data_random_seed: 1]
[is_enable_sparse: 1]
[enable_bundle: 1]
[use_missing: 1]
[zero_as_missing: 0]
[feature_pre_filter: 1]
[pre_partition: 0]
[two_round: 0]
[header: 0]
[label_column: ]
[weight_column: ]
[group_column: ]
[ignore_column: ]
[categorical_feature: ]
[forcedbins_filename: ]
[precise_float_parser: 0]
[parser_config_file: ]
[objective_seed: 5]
[num_class: 1]
[is_unbalance: 0]
[scale_pos_weight: 1]
[sigmoid: 1]
[boost_from_average: 1]
[reg_sqrt: 0]
[alpha: 0.9]
[fair_c: 1]
[poisson_max_delta_step: 0.7]
[tweedie_variance_power: 1.5]
[lambdarank_truncation_level: 30]
[lambdarank_norm: 1]
[label_gain: ]
[lambdarank_position_bias_regularization: 0]
[eval_at: 1,3,5,10]
[multi_error_top_k: 1]
[auc_mu_weights: ]
[num_machines: 1]
[local_listen_port: 12400]
[time_out: 120]
[machine_list_filename: ]
[machines: ]
[gpu_platform_id: -1]
[gpu_device_id: -1]
[gpu_use_dp: 0]
[num_gpu: 1]

end of parameters

pandas_categorical:null
