tree
version=v4
num_class=1
num_tree_per_iteration=1
label_index=0
max_feature_idx=5
objective=lambdarank
feature_names=Column_0 Column_1 Column_2 Column_3 Column_4 Column_5
feature_infos=[0:4063.8508000000002] [0:0.99983670000000002] [0:219.71095] [0:0.94352937000000003] [0:61.696326999999997] [0:0.9518297]
tree_sizes=3344 3330 3360 3366 3386 3388 3408 3392

Tree=0
num_leaves=31
num_cat=0
split_feature=5 4 2 4 0 0 2 2 4 2 3 3 0 0 2 4 5 0 2 3 3 1 5 1 2 1 1 0 3 2
split_gain=527.491 247.737 28.588 19.0232 11.4239 8.02141 15.1914 7.79003 4.92772 4.54385 4.4225 6.35263 4.66064 3.96343 3.35227 3.04731 2.22313 3.52128 2.18346 1.92392 2.94345 1.59649 1.54681 2.43396 1.48618 1.48463 1.48046 1.35855 1.08533 1.07708
threshold=1.0000000180025095e-35 1.0000000180025095e-35 1.0000000180025095e-35 15.813600000000003 5.0603762000000012 79.579172500000013 6.5522262500000013 53.62906000000001 7.1746193000000007 1.2634258000000003 0.79253720000000005 0.79397870000000015 6.5986257000000004 1.0000000180025095e-35 82.708043000000018 20.247928500000004 0.75675321500000015 160.32168000000004 39.654844500000003 0.71680236000000008 0.80512772500000007 0.79286195000000015 0.84488033000000018 0.81576610000000016 37.733273000000004 0.85046650000000013 0.97995686500000012 121.57258500000002 1.0000000180025095e-35 46.226137000000001
decision_type=2 2 2 2 2 2 2 2 2 2 2 2 2 2 2 2 2 2 2 2 2 2 2 2 2 2 2 2 2 2
left_child=5 4 3 -3 -2 10 8 21 19 16 25 -12 29 14 24 -10 17 -6 -11 -7 -21 27 23 -5 -4 -1 28 -8 -15 -13
right_child=1 2 13 22 9 6 7 -9 15 18 11 12 -14 26 -16 -17 -18 -19 -20 20 -22 -23 -24 -25 -26 -27 -28 -29 -30 -31
leaf_value=-0.28329843456422771 -0.27202325827051221 0.24136338589213183 0.28797746976005323 -0.19569844240186937 0.20977462475969988 -0.27676103132755042 -0.110907499025808 -0.18454534412064019 0.20532283632433063 0.25568184376464842 0.29999999999999999 -0.26191550377151462 0.14914885647193316 0.14648087863154644 -0.28895037127796408 -0.25583789606721646 -0.25025077184764044 -0.2156844311405553 -0.053581048976134381 0.22735562576239146 -0.26031373218050341 0.28899821039693868 -0.29999999999999977 0.043116185037980301 0.098860793420017731 -0.17318844979417547 0.1144879591809729 0.21752299049309989 0.29727937443897434 -0.14699603256296409
leaf_weight=77.342073659936432 22.430874126031998 5.1467187419766542 1.745261998032219 2.8184956056065857 0.82327997218817406 13.435448859352624 0.52403819561004572 1.7781913846265522 0.8750037949066598 1.3268595403351358 0.59084856882691283 7.3730458420468459 0.77336574066430408 1.084379163570701 0.3658884671749546 0.51049471530131996 1.9076043984387068 0.9345250129699707 0.83810086199082423 0.44521717086899915 0.74356078077107668 2.0023697735741735 1.3218430578708646 1.4564102869480846 2.0137601443566382 2.8569284207187584 1.0223429519683112 0.61707491474226117 110.74849033978535 2.4430681283120066
leaf_count=1908 559 106 45 85 20 385 13 54 25 44 3 189 13 31 6 12 52 21 35 19 25 44 19 37 58 75 15 31 1367 63
internal_value=-1.12306e-10 0.178468 0.26739 0.0332198 -0.223402 -0.247869 -0.16411 0.0663661 -0.234963 -0.0363427 -0.267055 -0.178674 -0.205382 0.288896 0.144477 0.0354056 -0.138112 -0.0164178 0.13596 -0.260578 -0.0776734 0.208301 -0.158187 -0.114337 0.186665 -0.279376 0.294175 0.0666965 0.295817 -0.233314
internal_weight=268.296 155.985 127.724 10.7435 28.2612 112.311 20.9314 4.92167 16.0097 5.83037 91.3793 11.1803 10.5895 116.98 4.12491 1.3855 3.66541 1.7578 2.16496 14.6242 1.18878 3.14348 5.59675 4.27491 3.75902 80.199 112.855 1.14111 111.833 9.81611
internal_count=5359 2500 1769 247 731 2859 608 142 466 172 2251 268 265 1522 109 37 93 41 79 429 44 88 141 122 103 1983 1413 44 1398 252
is_linear=0
shrinkage=0.15


Tree=1
num_leaves=31
num_cat=0
split_feature=3 4 2 4 4 2 2 2 1 1 1 5 1 2 1 2 2 0 0 4 0 1 1 4 1 5 4 4 5 5
split_gain=586.66 277.898 32.1639 14.3099 10.9947 11.8726 10.7012 11.4741 6.29123 5.42233 4.65765 12.0337 5.67738 4.55239 6.14892 3.78749 8.56556 4.79074 8.6125 3.738 3.24494 2.44618 2.34898 3.10627 2.91974 1.89922 2.13313 3.07714 2.58664 1.85902
threshold=1.0000000180025095e-35 1.0000000180025095e-35 1.0000000180025095e-35 23.676277000000002 25.191789000000004 45.026703500000004 1.2634258000000003 24.560691000000002 0.89540302000000016 0.84702980500000014 0.82642640000000012 0.78556717000000009 0.97594550000000013 57.720733500000009 0.91486645000000011 60.879753000000008 61.519448500000003 160.32168000000004 139.48819000000003 12.195022500000002 8.7458940000000016 0.82191085000000019 0.88851820000000015 9.1421650000000021 0.91385077500000012 0.74389923000000013 6.3549700000000007 17.027354000000006 0.75092960000000009 0.74092149500000015
decision_type=2 2 2 2 2 2 2 2 2 2 2 2 2 2 2 2 2 2 2 2 2 2 2 2 2 2 2 2 2 2
left_child=9 6 19 15 5 -5 21 -8 -7 25 11 -6 -12 14 -9 -4 -17 18 20 -3 -18 -2 23 -11 -24 -1 -27 28 -28 -25
right_child=1 2 3 4 10 8 7 13 -10 22 12 -13 -14 -15 -16 16 17 -19 -20 -21 -22 -23 24 29 -26 26 27 -29 -30 -31
leaf_value=-0.20912446328393502 -0.20776233664394289 0.20236371248176666 0.24118312940446787 0.2294772617038954 0.21446681505150331 0.029368504059765554 0.24576789814961417 0.016848999468658501 -0.25884836381017218 -0.11302363880473118 0.23792858185141832 -0.21996430040061649 -0.047240495728318059 -0.20610551380562392 -0.28962804956572646 -0.05858299991732676 -0.079263350550028852 0.23916347354539588 -0.15053522143264475 -0.14716358587401629 0.23938829989690133 -0.081553014141031527 -0.24493498179069109 0.2333330836461307 0.020051591347643668 -0.1909317852526384 -0.1483026143362238 -0.17086986383413402 0.18527525890854968 -0.036444082520165948
leaf_weight=169.38989557814784 38.370937030762434 0.7723175366409113 157.19786178332288 3.297868366353212 4.2448982950300005 3.3509921059012413 2.4143633190542486 7.8118566204793733 3.4671418592333794 5.3588739670813066 18.804402161855254 2.1670142058283091 1.7139941994100798 6.1553248390555373 1.8152013402432201 2.910091556608676 0.82669282704591562 27.65954016125761 2.1322361156344414 6.3380124811083078 5.5221029371023178 3.7972702160477629 3.9098367309197783 1.1238361001014712 1.2298653526231644 14.376752736046912 0.85310609079897348 3.4335994217544794 1.3517947394866494 1.1762348869815467
leaf_count=2360 553 30 1065 26 22 18 35 139 10 91 126 8 8 85 6 7 11 152 6 85 48 60 39 17 17 211 7 61 34 22
internal_value=-2.43166e-10 0.132828 0.205078 0.214656 0.129152 -0.00417799 -0.154909 -0.0587679 -0.117195 -0.197576 0.179235 0.0676435 0.214107 -0.105355 -0.0409379 0.230797 0.188988 0.208922 0.110296 -0.109198 0.197896 -0.196397 -0.103082 -0.0504401 -0.181527 -0.203961 -0.160265 -0.0820719 0.0562094 0.0953716
internal_weight=502.974 300.77 240.405 233.295 37.0463 10.116 60.365 18.1967 6.81813 202.204 26.9303 6.41191 20.5184 15.7824 9.62706 196.249 39.0507 36.1406 8.48103 7.11033 6.3488 42.1682 12.7986 7.65894 5.1397 189.405 20.0153 5.6385 2.2049 2.30007
internal_count=5359 2500 1622 1507 218 54 878 265 28 2859 164 30 134 230 145 1289 224 217 65 115 59 613 186 130 56 2673 313 102 41 39
is_linear=0
shrinkage=0.15


Tree=2
num_leaves=31
num_cat=0
split_feature=5 2 4 0 1 1 0 0 2 3 3 3 1 5 4 4 4 3 5 5 3 4 3 5 5 4 4 0 0 0
split_gain=340.529 150.995 16.5092 5.46178 3.8796 3.57489 2.695 2.64577 2.18265 2.03794 2.06343 1.67459 2.45255 1.66509 2.58544 1.80596 1.60653 1.41053 1.24541 3.2549 1.23615 1.56605 1.13134 1.22661 1.12146 1.14523 1.21627 1.06548 2.29784 2.06849
threshold=1.0000000180025095e-35 1.0000000180025095e-35 1.0000000180025095e-35 1.0000000180025095e-35 0.97995686500000012 0.77817237000000017 6.5986257000000004 2.4937100000000005 32.636006000000009 0.81388736500000014 0.65674937000000011 0.69175721500000009 0.89540302000000016 0.83673380000000008 6.0993589000000012 19.590258000000002 6.560146200000001 0.79253720000000005 0.76701965000000005 0.74869775000000016 0.61369098500000008 18.675976000000002 0.79913233500000014 0.77813850000000007 0.75029170500000009 9.026953500000003 15.904744000000003 96.235905000000017 173.82743000000002 172.31742000000003
decision_type=2 2 2 2 2 2 2 2 2 2 2 2 2 2 2 2 2 2 2 2 2 2 2 2 2 2 2 2 2 2
left_child=5 7 8 9 20 17 -7 18 -3 10 -4 16 -13 14 22 -16 -8 27 19 -2 21 -5 -9 -24 -21 -26 -27 -1 29 -29
right_child=1 2 3 4 -6 6 11 13 -10 -11 -12 12 -14 -15 15 -17 -18 -19 -20 24 -22 -23 23 -25 25 26 -28 28 -30 -31
leaf_value=-0.1854561476328031 -0.16713447394555303 0.074096335150823367 -0.04414044353806796 0.18876225590237064 -0.051898355530845756 -0.14829683663350307 -0.14178927207845865 -0.15325362979895954 -0.14459710450752167 -0.12492759107601131 0.19354093995817215 0.098147842324281628 -0.22974742449825669 -0.22315791353255995 0.15073512359394245 -0.15784084246538205 0.093039347389443083 -0.12680702060830745 -0.20089690733731541 0.11110462160654803 0.20421189331747128 -0.13654431608527623 0.18717870381442833 -0.15680572455782624 -0.10927681187229261 0.22344790136191653 -0.089403166612555485 -0.10617947955951296 -0.18831406023090883 0.1751267361608983
leaf_weight=104.4900886870455 17.783061865950007 1.4471747446805228 1.3829745668917888 0.85989975277334341 1.3554944433271874 14.732355776242914 3.7046638471074393 2.8251416562125082 3.5350837209261954 1.2792576402425764 2.0254538073204458 2.8267783981282268 0.62711433693766583 1.1353666484355924 2.0982270018430431 0.53569368505850423 0.79641159810125817 12.602219101972876 9.2525177765637618 0.96914693154394527 156.5511597347795 0.54337208718061447 0.53136583790183056 0.4157318202778697 3.4521346455439925 0.55335485236719228 0.56516839005053043 6.816851984011012 11.77186513179913 0.64366744831204403
leaf_count=1780 382 54 32 28 15 269 77 59 71 30 47 73 9 17 68 15 15 259 170 12 1359 11 20 9 76 10 15 140 232 5
internal_value=3.72292e-10 0.125812 0.187919 0.196091 0.200787 -0.165439 -0.110307 -0.135797 -0.0810742 0.0365102 0.0971014 -0.0399524 0.0386128 -0.0557362 -0.0260639 0.0879761 -0.100239 -0.174615 -0.154332 -0.135858 0.202956 0.0627977 -0.105691 0.0361855 -0.0354604 -0.0665375 0.0653702 -0.179484 -0.147038 -0.0819094
internal_weight=368.109 209.097 168.98 163.998 159.31 159.012 22.6873 40.1169 4.98226 4.68769 3.40843 7.95497 3.45389 7.54153 6.40616 2.63392 4.50108 136.325 32.5754 23.3229 157.954 1.40327 3.77224 0.947098 5.5398 4.57066 1.11852 123.722 19.2324 7.46052
internal_count=5359 2500 1647 1522 1413 2859 443 853 125 109 79 174 82 188 171 83 92 2416 665 495 1398 39 88 29 113 101 25 2157 377 145
is_linear=0
shrinkage=0.15


Tree=3
num_leaves=31
num_cat=0
split_feature=0 2 4 2 4 4 4 1 4 4 2 3 2 3 2 2 0 4 5 3 5 4 3 1 0 1 3 5 4 4
split_gain=208.485 111.775 7.13645 4.29239 3.62757 3.27276 2.22315 1.8101 1.68867 8.42288 2.51479 1.56617 1.13752 1.0666 2.38172 0.959329 1.25129 0.851603 1.41243 0.830065 0.763386 0.93204 0.664739 0.650773 0.939896 0.707555 0.968423 0.637359 1.59066 0.629548
threshold=1.0000000180025095e-35 1.0000000180025095e-35 1.0000000180025095e-35 31.268225000000005 6.0993589000000012 19.590258000000002 35.074191000000006 0.97995686500000012 4.2085301000000008 10.767246750000002 4.3138165000000006 0.76407837000000012 55.245638000000007 1.0000000180025095e-35 43.950137000000005 53.62906000000001 147.96160000000003 16.309054000000007 0.75775850000000011 0.79253720000000005 0.75675321500000015 15.904744000000003 0.80023407000000002 0.82409990000000011 222.65859000000003 0.77899158000000013 0.80512772500000007 1.0000000180025095e-35 19.523026000000005 16.964586500000006
decision_type=2 2 2 2 2 2 2 2 2 2 2 2 2 2 2 2 2 2 2 2 2 2 2 2 2 2 2 2 2 2
left_child=6 4 3 -3 11 20 8 13 19 -10 17 -2 29 14 -4 16 -5 18 -11 -1 21 -6 -21 25 -25 26 -13 28 -15 -12
right_child=1 2 7 15 5 -7 -8 -9 9 10 12 23 -14 27 -16 -17 -18 -19 -20 22 -22 -23 -24 24 -26 -27 -28 -29 -30 -31
leaf_value=-0.16770593871141801 -0.16582820122158923 0.22825937469172364 0.24208259065039067 -0.10806777562521726 0.14754276149597217 -0.16468682206693225 0.11333532468535021 -0.0087326441365566509 0.1408510762758686 -0.13743003127868128 -0.071729539972208045 0.13201330997743516 -0.12747564752816729 0.20980326837430111 -0.11290062455023044 -0.12786744999136176 0.11022335338832599 -0.17661454080644751 0.098486862342018075 -0.020178391309511205 0.21102373726834933 -0.072895336383216047 -0.13695791554737355 0.22874316391107438 -0.085162077054241059 -0.19601932524075794 -0.1401148855807991 0.1859052585668004 -0.20347984790420057 0.085718024654096073
leaf_weight=71.797578164143488 25.852612628135834 1.599832729436456 0.854184059659018 1.0994477965869012 0.88805282086832382 1.7827741287183014 0.72704213485121627 1.1144542004913081 2.5321553093381217 11.009040386881679 0.88043500110506956 0.52668417058885075 1.7366343662142751 0.57654971210285921 0.84690138604491949 2.2214258019812405 1.2772047321777789 19.279494083835743 0.6022270689718433 1.221266658976673 0.89626019448041905 0.83955848822370172 10.755174712277947 0.3965946459211408 0.46773021295666695 0.902626497671008 0.66670085955411196 120.04137202858692 0.32917290180921555 1.6278969715349374
leaf_count=1682 615 62 37 31 34 40 7 15 65 238 34 14 40 29 13 61 45 448 15 32 40 21 250 16 12 17 26 1367 5 48
internal_value=1.01708e-10 0.11094 0.173705 0.0166333 -0.134609 -0.00786116 -0.148181 0.181571 -0.149747 -0.123369 -0.14241 -0.153994 -0.0341561 0.1833 0.0653509 -0.0569988 0.00924111 -0.157287 -0.125194 -0.161608 0.0986931 0.0404176 -0.12505 -0.050647 0.058873 -0.0958094 -0.0200148 0.184959 0.059601 0.0304533
internal_weight=285.349 163.18 129.961 6.19791 33.2196 4.40665 122.169 123.763 121.442 37.6679 35.1357 28.8129 4.24497 122.648 1.70109 4.59808 2.37665 30.8908 11.6113 83.774 2.62387 1.72761 11.9764 2.96034 0.864325 2.09601 1.19339 120.947 0.905723 2.50833
internal_count=5359 2500 1665 199 835 135 2859 1466 2852 888 823 700 122 1451 50 137 76 701 253 1964 95 55 282 85 28 57 40 1401 34 82
is_linear=0
shrinkage=0.15


Tree=4
num_leaves=31
num_cat=0
split_feature=5 2 4 0 3 1 2 2 0 5 5 1 5 1 1 4 2 5 5 4 2 3 0 1 2 1 1 3 3 4
split_gain=139.144 65.7399 6.43215 2.52003 2.44598 1.85565 1.43616 2.03036 1.33082 1.08825 1.65889 1.04395 0.934445 0.912901 1.27625 0.99767 0.850663 0.831575 2.11642 0.86522 0.791418 0.703781 0.684855 0.667263 0.582445 0.555046 1.69295 0.779922 0.702246 0.524863
threshold=1.0000000180025095e-35 1.0000000180025095e-35 1.0000000180025095e-35 1.0000000180025095e-35 0.78988743000000017 0.77817237000000017 4.3138165000000006 57.334243500000007 2.4937100000000005 0.76701965000000005 0.74869775000000016 0.97995686500000012 0.8027093500000001 0.78398335000000008 0.78314221000000017 8.1919445000000017 76.752005000000011 0.6851598000000001 0.68293714500000013 6.8393965000000003 39.892787500000004 1.0000000180025095e-35 6.5986257000000004 0.74410702000000006 43.950137000000005 0.87983465000000016 0.85181807500000006 0.86026347500000011 0.85777390000000009 23.676277000000002
decision_type=2 2 2 2 2 2 2 2 2 2 2 2 2 2 2 2 2 2 2 2 2 2 2 2 2 2 2 2 2 2
left_child=4 8 20 16 5 -1 13 -8 9 10 17 21 -10 14 -7 -15 -4 18 -2 -19 -3 24 25 -12 -5 26 27 28 -6 -23
right_child=1 2 3 11 22 6 7 -9 12 -11 23 -13 -14 15 -16 -17 -18 19 -20 -21 -22 29 -24 -25 -26 -27 -28 -29 -30 -31
leaf_value=-0.15585641159776623 -0.15156346419844877 0.036601907615818691 0.05918927630292993 0.2131031413047251 -0.091156096378053733 -0.12260240896569667 0.15842881991193303 -0.17756714298657136 0.0023214260566564687 -0.17753603004083984 0.020568217048879695 0.015032330641338186 -0.14510720302065142 -0.14312602936383104 0.18964751782578765 0.10018375596863487 -0.18139185999554858 -0.16520969452487289 0.24964378521144243 -0.052362920660520999 -0.11217977700045612 0.1767342422189507 -0.0041079726457415762 -0.13755507858916272 -0.072284849199591744 -0.24148218433531193 0.21082725360190221 -0.21640320155091775 0.12926254512479979 0.13766033199202629
leaf_weight=70.924034621217288 0.89449674030766491 1.420431430335156 2.4513829147908832 0.24301063921302457 7.6553938393481022 0.7018041182309378 1.1028727402444918 0.63917838037013996 3.5784670503344378 6.1302652857266358 2.8073363883886482 0.96398702636361022 1.3256814996711908 7.7520484970882517 0.50749585777521133 0.39868561038747419 0.38225180562585581 8.3950420962646586 0.44202154129743576 1.8690905096009363 1.8549397436436263 83.176220352877863 2.425880840048193 0.76384462881833304 0.47622495144605637 0.53559264726936895 0.4174511060118683 1.1019141525030134 0.33964736573398102 8.5279482367914152
leaf_count=2144 29 68 100 21 219 21 61 20 152 170 87 15 36 225 5 21 9 284 4 65 57 1184 93 26 10 12 9 22 7 183
internal_value=4.3754e-10 0.103385 0.159057 0.166093 -0.137519 -0.14693 -0.0899062 0.0351481 -0.107981 -0.1242 -0.102649 0.170322 -0.0375312 -0.113181 0.00843666 -0.131225 0.0267353 -0.130168 -0.0188737 -0.14466 -0.0476576 0.171941 -0.0756405 -0.013253 0.0241402 -0.0929071 -0.0845434 -0.0980976 -0.0817922 0.173101
internal_weight=220.205 125.703 99.4964 96.221 94.502 82.0261 11.1021 1.74205 26.2062 21.3021 15.1718 93.3874 4.90415 9.36003 1.2093 8.15073 2.83363 11.6007 1.33652 10.2641 3.27537 92.4234 12.4759 3.57118 0.719236 10.05 9.51441 9.09696 7.99504 91.7042
internal_count=5359 2500 1647 1522 2859 2497 353 81 853 665 495 1413 188 272 26 246 109 382 33 349 125 1398 362 113 31 269 257 248 226 1367
is_linear=0
shrinkage=0.15


Tree=5
num_leaves=31
num_cat=0
split_feature=0 4 2 3 4 2 4 3 1 2 5 4 4 5 2 3 2 2 5 5 1 1 5 5 2 1 0 2 5 0
split_gain=94.3086 50.3231 2.93183 2.30873 1.62833 1.32227 1.20825 1.02619 0.943625 0.883164 0.755174 1.27723 1.78755 0.84701 0.732689 0.574712 0.656906 0.646864 0.469783 0.644634 0.455757 0.856421 0.4343 0.448517 0.920047 2.09984 1.02519 0.796495 0.392062 0.514641
threshold=1.0000000180025095e-35 1.0000000180025095e-35 1.0000000180025095e-35 0.61369098500000008 20.042141500000003 58.212967000000006 35.074191000000006 0.68828952500000007 0.97995686500000012 3.7184915500000004 0.71386745000000007 5.9160003000000012 12.800022000000002 0.77343450000000014 49.663181000000009 0.79253720000000005 29.055230000000005 76.185697000000019 0.75675321500000015 0.73808515500000016 0.86719967000000009 0.88133945000000014 0.62581110000000006 0.77457927500000012 63.702126500000006 0.89324285000000014 173.82743000000002 79.749440000000007 0.80775343000000011 908.75773500000003
decision_type=2 2 2 2 2 2 2 2 2 2 2 2 2 2 2 2 2 2 2 2 2 2 2 2 2 2 2 2 2 2
left_child=6 3 4 9 18 -4 10 -7 22 -2 15 -12 -13 -14 -11 20 -17 -18 19 -3 -1 -22 -9 -24 25 -25 27 -26 29 -5
right_child=1 2 5 28 -6 7 -8 8 -10 14 11 12 13 -15 -16 16 17 -19 -20 -21 21 -23 23 24 26 -27 -28 -29 -30 -31
leaf_value=-0.14557196905885939 -0.1441126993210009 0.12155602601862633 0.1701966893994836 -0.015207015019802528 -0.14861032224604884 -0.13791776280610768 0.11514405662493749 -0.049913345723348303 -0.093141713359796277 0.076198150651222471 -0.13021361899981587 0.17123066115180552 -0.0022191300300092665 -0.13730554650476701 -0.12660850148277497 -0.13147336516056052 0.0025000238790748638 -0.16995062716084275 0.18916296242724109 -0.1075193274821331 0.056055772925057604 -0.16481558979179789 0.17192892908720131 0.17118641672590096 0.17366942665599541 -0.13882872557311629 0.17135211314643597 -0.12204619424048448 -0.18641389048832072 0.19783891700226672
leaf_weight=48.916643714532256 15.009510989300912 0.70190089452080362 59.108188629325014 4.0651013774040612 1.0035459608770905 0.34273437038063903 0.4572226032614698 0.28772484115324637 0.43179967254400331 0.78764553158543893 10.125763033051042 0.77901508193462987 1.9095415960182434 2.3049769112840295 0.81609757361002266 4.8620001384988418 2.0350069636479025 0.64436629321426142 0.67000313755124796 0.45594788092421368 0.7265557856298972 0.86555707268416882 4.8967677309701667 1.0465560490265486 0.33659084048122156 0.92703835200518359 4.8228291699197143 0.52393856877461076 0.27536817640066136 0.27220013644546259
leaf_count=1909 601 41 1121 200 37 9 7 13 8 46 407 50 92 81 34 169 64 24 40 18 35 21 146 12 14 15 117 11 9 8
internal_value=1.28066e-10 0.0973292 0.154659 -0.106741 0.00490908 0.160489 -0.127938 0.118347 0.124965 -0.132808 -0.129457 -0.0995975 -0.037515 -0.0760997 -0.0270042 -0.137234 -0.0986089 -0.0389729 0.0891959 0.0313487 -0.143001 -0.0640216 0.132299 0.136475 0.113801 0.0255659 0.144441 -0.00637883 -0.0128556 -0.00183669
internal_weight=170.408 96.7815 75.5556 21.2259 2.8314 72.7242 73.6266 13.616 13.2732 16.6133 73.1694 15.1193 4.99353 4.21452 1.60374 58.0501 7.54137 2.67937 1.82785 1.15785 50.5088 1.59211 12.8414 12.5537 7.65695 1.97359 5.68336 0.860529 4.61267 4.3373
internal_count=5359 2500 1602 898 136 1466 2859 345 336 681 2852 630 223 173 80 2222 257 88 99 59 1965 56 328 315 169 27 142 25 217 208
is_linear=0
shrinkage=0.15


Tree=6
num_leaves=31
num_cat=0
split_feature=0 4 2 3 4 4 5 2 2 5 3 2 2 2 2 2 0 2 1 4 3 3 1 3 0 0 0 2 2 2
split_gain=63.9271 35.0223 2.02699 1.41248 0.954047 0.859307 0.796405 0.954556 0.813432 0.760627 0.606731 0.504667 1.79697 0.695255 1.88472 0.465382 0.404566 0.3995 0.405951 0.394761 0.537032 0.372863 0.413359 0.494121 0.367707 1.16467 0.821727 0.366883 0.80958 0.358799
threshold=1.0000000180025095e-35 1.0000000180025095e-35 1.0000000180025095e-35 0.61369098500000008 15.904744000000003 23.676277000000002 0.71386745000000007 3.7184915500000004 61.135132500000005 0.76701965000000005 0.86711108000000015 37.510090000000012 38.368401000000006 55.783075000000004 54.262310000000006 3.7184915500000004 107.90381500000002 50.593002500000004 0.95725225000000014 13.719757000000001 0.76928710000000011 0.85777390000000009 0.8200260250000001 0.77265145000000013 195.95524000000003 116.56330500000001 129.46759000000003 99.584355000000016 104.43362300000001 35.384067500000008
decision_type=2 2 2 2 2 2 2 2 2 2 2 2 2 2 2 2 2 2 2 2 2 2 2 2 2 2 2 2 2 2
left_child=6 3 4 15 -3 -4 11 9 -9 -8 -7 -1 -13 14 19 24 -6 -12 -19 20 -14 22 23 -5 25 -2 -27 -15 -29 -17
right_child=1 2 5 21 16 10 7 8 -10 -11 17 12 13 27 -16 29 -18 18 -20 -21 -22 -23 -24 -25 -26 26 -28 28 -30 -31
leaf_value=-0.1354394820894857 -0.15832297451145674 0.1452212947429623 0.16168796317522729 0.070645789003922654 0.074650777189595008 0.12234726996145734 -0.07083063839107169 0.052612421543619739 -0.13599434151013931 -0.15564478106088067 0.17590917066291065 0.16504633607364216 -0.15366829725488901 -0.16632916022131253 0.13115082865434644 0.088934609172091464 -0.098891115255110157 0.056994298263707902 -0.16217760250705149 0.020103576815981294 -0.0086687774397609333 -0.14961543440582717 0.064448486594903487 -0.084887589378336029 -0.1623888051905765 0.095755694431228458 -0.081312857773445504 0.14722920964020386 -0.16415865304081659 -0.08236131200788091
leaf_weight=34.700641498959158 4.381806159392001 0.82333637960255091 48.744755003135651 0.64480104844551522 0.4077021307311951 4.7745237621129482 5.9679732266813499 1.8006217651418404 0.72032939083874215 3.9563063173554838 0.20925489347428072 0.55185689125209947 3.2577550751157092 4.6465933853760362 0.84890621714293946 0.38111995201324933 1.1685373932123182 0.36219535209238529 0.40029028197750449 0.45051700249314297 0.69781517330557097 0.42212521284818638 1.3655809926858635 1.6000152754131702 4.2577129853889346 0.76519990433007512 2.5710647441446781 0.28434569016098965 0.55364486202597618 0.98932674876414239
leaf_count=1753 242 62 1268 40 21 156 328 103 31 170 11 10 167 207 14 30 53 20 11 15 28 19 76 82 222 32 105 5 28 50
internal_value=-3.96237e-10 0.0923481 0.149279 -0.0940192 0.0143539 0.155221 -0.117367 -0.0837043 -0.00127954 -0.104642 0.100358 -0.126476 -0.0989312 -0.112496 -0.0735055 -0.117525 -0.0540036 -0.00768229 -0.0580667 -0.112936 -0.128088 -0.016222 -0.000625785 -0.0402122 -0.127001 -0.107479 -0.0407007 -0.149854 -0.058499 -0.0347241
internal_weight=132.707 74.2693 56.8906 17.3788 2.39958 54.491 58.4373 12.4452 2.52095 9.92428 5.74626 45.9921 11.2914 10.7396 5.25499 13.3462 1.57624 0.971741 0.762486 4.40609 3.95557 4.03252 3.6104 2.24482 11.9758 7.71807 3.33626 5.48458 0.837991 1.37045
internal_count=5359 2500 1602 898 136 1466 2859 632 134 498 198 2227 474 464 224 681 74 42 31 210 195 217 198 122 601 379 137 240 33 80
is_linear=0
shrinkage=0.15


Tree=7
num_leaves=31
num_cat=0
split_feature=4 2 4 0 1 3 1 2 3 4 4 2 3 2 2 3 2 2 4 4 0 0 1 1 5 5 2 2 1 1
split_gain=46.3454 23.7024 2.17817 1.22353 1.12451 0.894484 0.803632 0.7917 1.23719 0.762201 0.756816 1.20972 1.2171 0.728656 0.685001 0.591049 0.500598 0.587643 0.490017 0.663493 0.592305 0.425031 0.346778 0.580946 0.311988 0.48426 0.294879 0.621225 0.275416 0.274777
threshold=1.0000000180025095e-35 1.0000000180025095e-35 10.832596000000001 1.0000000180025095e-35 0.77817237000000017 0.79253720000000005 0.77681052000000006 43.950137000000005 0.68566107000000009 22.976337000000004 22.976337000000004 45.402298000000009 0.86711108000000015 6.5522262500000013 47.975249000000012 0.81388736500000014 12.165039500000001 76.185697000000019 20.000489500000004 19.886870500000004 6.2573001500000007 21.370578000000005 0.85495282000000017 0.90440786000000017 0.71754505000000013 0.72072804000000013 99.584355000000016 104.43362300000001 0.83713866500000012 0.95725225000000014
decision_type=2 2 2 2 2 2 2 2 2 2 2 2 2 2 2 2 2 2 2 2 2 2 2 2 2 2 2 2 2 2
left_child=4 2 -2 15 5 24 18 -5 -9 -8 -10 -12 -13 21 -15 -3 -7 -18 19 20 -4 -6 -23 -24 26 -26 -1 -28 -17 -14
right_child=1 3 6 7 13 16 9 8 10 -11 11 12 29 14 -16 28 17 -19 -20 -21 -22 22 23 -25 25 -27 27 -29 -30 -31
leaf_value=-0.14461867366527217 0.14112679941092221 0.082240012758408629 -0.1117607589596981 0.16460816244289966 -0.11762626798913167 -0.096102944462713433 0.035087423531581445 -0.12108557662334184 0.14815659074802298 -0.17259524106633106 -0.1837969757794071 0.14473208149779421 0.033945040219702349 0.081207073876656502 -0.070574351027603149 -0.15569156304221896 0.066409502244987886 -0.16310071951125277 -0.16329882596786563 0.19699425273577612 0.068818129991308624 -0.080490814393730195 0.13066161212909067 -0.18959843457459338 0.045676537836565077 -0.11612825593939904 0.13931464156217252 -0.18386285224757476 0.059373502201037334 -0.16203460347186918
leaf_weight=25.077500149083797 0.91307068231981148 1.8633493997331236 6.7916090621147287 25.992769499687711 4.9270373550243658 3.687195637729018 1.640149247599765 0.45756702963262696 11.541778937928028 0.52483486616983999 0.37877554597798679 2.6499790904344995 0.27196695265592996 1.2189994837681299 1.4828284920658914 0.42034189729019988 1.027987372712232 0.33210249431431282 3.323122950270772 0.17224284075200547 0.43485797336325038 1.3250884357839825 0.5130544127896427 0.16956078261137009 0.45797402691095968 4.5601266694720834 0.25198991596698661 0.28540180157870054 0.19666011852677912 0.3944016543100588
leaf_count=1670 65 111 440 927 277 202 99 13 380 23 5 106 23 93 86 22 56 19 220 4 29 80 31 14 18 293 5 17 19 12
internal_value=5.39207e-10 0.0888414 -0.0827555 0.142456 -0.113642 -0.125922 -0.0986183 0.148546 0.121943 -0.015259 0.129241 0.0701585 0.099164 -0.0681754 -0.00209424 0.040105 -0.0674122 0.0103684 -0.11545 -0.0939594 -0.100894 -0.0939211 -0.035747 0.0511094 -0.135562 -0.101361 -0.142263 -0.0323208 -0.0871428 -0.0820489
internal_weight=103.284 57.9675 13.7999 44.1676 45.3168 35.6803 12.8868 41.6872 15.6945 2.16498 15.2369 3.69512 3.31635 9.63657 2.70183 2.48035 5.04729 1.36009 10.7218 7.39871 7.22647 6.93474 2.0077 0.682615 30.633 5.0181 25.6149 0.537392 0.617002 0.666369
internal_count=5359 2498 880 1618 2861 2280 815 1466 539 122 526 146 141 581 179 152 277 75 693 473 469 402 125 45 2003 311 1692 22 41 35
is_linear=0
shrinkage=0.15


end of trees

feature_importances:
Column_2=58
Column_4=47
Column_1=37
Column_3=33
Column_5=33
Column_0=32

parameters:
[boosting: gbdt]
[objective: lambdarank]
[metric: ndcg]
[tree_learner: serial]
[device_type: cpu]
[data_sample_strategy: bagging]
[data: ]
[valid: ]
[num_iterations: 500]
[learning_rate: 0.15]
[num_leaves: 31]
[num_threads: 0]
[seed: 0]
[deterministic: 0]
[force_col_wise: 0]
[force_row_wise: 0]
[histogram_pool_size: -1]
[max_depth: -1]
[min_data_in_leaf: 10]
[min_sum_hessian_in_leaf: 0.001]
[bagging_fraction: 1]
[pos_bagging_fraction: 1]
[neg_bagging_fraction: 1]
[bagging_freq: 0]
[bagging_seed: 3]
[bagging_by_query: 0]
[feature_fraction: 1]
[feature_fraction_bynode: 1]
[feature_fraction_seed: 2]
[extra_trees: 0]
[extra_seed: 6]
[early_stopping_round: 0]
[early_stopping_min_delta: 0]
[first_metric_only: 0]
[max_delta_step: 0]
[lambda_l1: 0]
[lambda_l2: 0]
[linear_lambda: 0]
[min_gain_to_split: 0]
[drop_rate: 0.1]
[max_drop: 50]
[skip_drop: 0.5]
[xgboost_dart_mode: 0]
[uniform_drop: 0]
[drop_seed: 4]
[top_rate: 0.2]
[other_rate: 0.1]
[min_data_per_group: 100]
[max_cat_threshold: 32]
[cat_l2: 10]
[cat_smooth: 10]
[max_cat_to_onehot: 4]
[top_k: 20]
[monotone_constraints: ]
[monotone_constraints_method: basic]
[monotone_penalty: 0]
[feature_contri: ]
[forcedsplits_filename: ]
[refit_decay_rate: 0.9]
[cegb_tradeoff: 1]
[cegb_penalty_split: 0]
[cegb_penalty_feature_lazy: ]
[cegb_penalty_feature_coupled: ]
[path_smooth: 0]
[interaction_constraints: ]
[verbosity: -1]
[saved_feature_importance_type: 0]
[use_quantized_grad: 0]
[num_grad_quant_bins: 4]
[quant_train_renew_leaf: 0]
[stochastic_rounding: 1]
[linear_tree: 0]
[max_bin: 255]
[max_bin_by_feature: ]
[min_data_in_bin: 3]
[bin_construct_sample_cnt: 200000]
[data_random_seed: 1]
[is_enable_sparse: 1]
[enable_bundle: 1]
[use_missing: 1]
[zero_as_missing: 0]
[feature_pre_filter: 1]
[pre_partition: 0]
[two_round: 0]
[header: 0]
[label_column: ]
[weight_column: ]
[group_column: ]
[ignore_column: ]
[categorical_feature: ]
[forcedbins_filename: ]
[precise_float_parser: 0]
[parser_config_file: ]
[objective_seed: 5]
[num_class: 1]
[is_unbalance: 0]
[scale_pos_weight: 1]
[sigmoid: 1]
[boost_from_average: 1]
[reg_sqrt: 0]
[alpha: 0.9]
[fair_c: 1]
[poisson_max_delta_step: 0.7]
[tweedie_variance_power: 1.5]
[lambdarank_truncation_level: 30]
[lambdarank_norm: 1]
[label_gain: ]
[lambdarank_position_bias_regularization: 0]
[eval_at: 1,3,5,10]
[multi_error_top_k: 1]
[auc_mu_weights: ]
[num_machines: 1]
[local_listen_port: 12400]
[time_out: 120]
[machine_list_filename: ]
[machines: ]
[gpu_platform_id: -1]
[gpu_device_id: -1]
[gpu_use_dp: 0]
[num_gpu: 1]

end of parameters

pandas_categorical:null
