tree
version=v4
num_class=1
num_tree_per_iteration=1
label_index=0
max_feature_idx=5
objective=lambdarank
feature_names=Column_0 Column_1 Column_2 Column_3 Column_4 Column_5
feature_infos=[0:6519.6396000000004] [0:0.99983670000000002] [0:219.71095] [0:0.93090870000000003] [0:61.696326999999997] [0:0.9518297]
tree_sizes=3330 3336

Tree=0
num_leaves=31
num_cat=0
split_feature=4 2 4 0 1 2 2 4 0 4 1 5 2 2 0 3 2 5 4 1 5 3 2 0 0 3 2 2 2 2
split_gain=510.509 261.072 25.5925 10.9828 9.57657 8.09731 10.1032 6.38153 4.51075 6.32705 3.86706 2.77787 2.7525 2.65866 12.9003 3.07977 2.9069 2.09982 3.01671 2.07084 2.15555 2.04654 1.8184 1.7386 1.7154 1.52666 1.45858 1.57396 1.06443 2.11094
threshold=1.0000000180025095e-35 1.0000000180025095e-35 11.421923000000001 1.0000000180025095e-35 0.77818894500000013 6.2903910000000005 38.175999000000012 14.413374500000002 6.2593894000000008 19.584763000000002 0.85446083500000014 0.7686474350000001 31.127199000000001 1.9493709000000001 3.0297214000000006 0.78401397000000006 32.038843000000007 0.66873132000000013 10.260271500000002 0.85853923000000021 0.73341000000000012 0.68359480000000017 69.475762500000016 6.5730667000000009 160.63377500000004 0.77902175000000018 62.694677000000006 48.452545000000008 60.249374500000009 37.688012500000006
decision_type=2 2 2 2 2 2 2 2 2 2 2 2 2 2 2 2 2 2 2 2 2 2 2 2 2 2 2 2 2 2
left_child=4 2 17 7 13 10 23 -3 21 24 -6 19 -9 -1 15 -15 -16 18 -2 -12 -21 -4 -8 -7 -10 -23 27 -17 29 -18
right_child=1 3 8 -5 5 6 22 12 9 -11 11 -13 -14 14 16 26 28 -19 -20 20 -22 25 -24 -25 -26 -27 -28 -29 -30 -31
leaf_value=-0.28051209781761233 0.20436319672038908 0.27426997103621814 -0.27553698793046988 0.29275147778702892 -0.2583885487214172 -0.0037102009698622689 -0.066490471569492796 0.2999999999999991 0.23090570794027701 -0.28254895875296082 0.25840442711922501 -0.29359032392172246 -0.10166548162522736 -0.27756863938772464 0.2430347757129443 -0.11726730740855269 -0.18368046682926009 0.28471262488542265 -0.18280601101919844 -0.12427777553727133 0.24716217383890415 0.13030160636620305 -0.25614150332352298 0.29359011683996755 -0.05081848644587824 -0.19080722188699459 -0.28417456315427475 0.19481632775099181 -0.23470324534758474 0.21341209309854378
leaf_weight=61.381798726506531 1.2352733640000217 2.2712564810644826 23.68467889493332 113.81239135051146 12.051813927013432 0.57839187001809422 2.4981892352225259 0.4405391896143559 1.0446385713294142 1.9415528331883249 0.4687054725363845 1.2653906429186461 2.9839458547066897 22.708627270243603 1.2595736642833792 1.408622071379795 0.58396697230637051 1.876491972710937 0.71484628133475769 2.8674187734723096 0.40064768120646466 0.4536157576367249 2.0885139685124159 1.884835044853389 0.90983410272747267 1.254283810034394 0.74662922509014595 0.49012373667210329 0.52521799691021431 0.62209427449852228
leaf_count=1583 23 57 640 1447 298 22 80 13 41 38 6 21 80 549 34 26 12 45 19 75 10 16 31 46 30 31 26 18 15 28
internal_value=-2.25902e-10 0.179309 -0.19338 0.282579 -0.240416 -0.156473 -0.0212538 0.079311 -0.241044 -0.090761 -0.212371 -0.101501 -0.0499937 -0.262966 -0.22497 -0.259725 0.0696621 0.171438 0.0624404 -0.0364528 -0.0787412 -0.264102 -0.152846 0.223781 0.0997592 -0.105521 -0.106554 -0.0367091 -0.0564734 0.0211425
internal_weight=266.454 152.623 33.1152 119.508 113.831 24.1039 7.04993 5.69574 29.2886 3.89603 17.054 5.00216 3.42449 89.7267 28.3449 25.354 2.99085 3.82661 1.95012 3.73677 3.26807 25.3926 4.5867 2.46323 1.95447 1.7079 2.64538 1.89875 1.73128 1.20606
internal_count=5360 2480 883 1597 2880 589 179 150 796 109 410 112 93 2291 708 619 89 87 42 91 85 687 111 68 71 47 70 44 55 40
is_linear=0
shrinkage=0.15


Tree=1
num_leaves=31
num_cat=0
split_feature=1 2 3 1 2 4 5 2 2 2 0 0 4 5 3 1 0 1 0 0 5 4 5 3 3 4 5 2 3 4
split_gain=583.872 247.696 38.6647 27.9762 21.63 21.1662 14.5446 12.0954 7.76991 26.7785 9.52419 13.9144 7.18034 6.72941 4.5746 4.23286 3.89717 3.65786 3.56413 3.46201 2.7376 6.24251 6.95551 2.65484 4.57429 2.54265 2.60036 2.41633 2.19234 1.95328
threshold=1.0000000180025095e-35 1.0000000180025095e-35 1.0000000180025095e-35 0.98964310000000011 37.688012500000006 1.0000000180025095e-35 1.0000000180025095e-35 34.951336000000005 44.933830000000007 45.473677500000001 172.31742000000003 153.88027000000002 18.330720000000003 0.7976131500000001 0.85219680000000009 0.84985160000000015 21.137919500000002 0.83298647500000012 6.2593894000000008 53.775336500000009 0.70094155000000014 3.6191156000000002 0.77357732500000009 0.79838205000000018 0.80245399000000017 12.899529500000002 0.75169802000000019 40.915070000000007 0.86936152500000008 10.793882000000002
decision_type=2 2 2 2 2 2 2 2 2 2 2 2 2 2 2 2 2 2 2 2 2 2 2 2 2 2 2 2 2 2
left_child=20 18 4 5 16 7 12 -4 -8 -10 11 14 -7 -13 -11 -9 -3 -16 -2 -20 23 -22 25 -1 -25 -23 -27 -17 -29 -6
right_child=1 2 3 -5 29 6 8 15 9 10 -12 13 -14 -15 17 27 -18 -19 19 -21 21 22 -24 24 -26 26 -28 28 -30 -31
leaf_value=-0.2129021997340507 -0.18858322292862256 -0.061390676411641018 0.20024061925582654 -0.219621154504164 -0.11624052812850055 0.21358263872765354 0.24574060436147396 -0.1912254277452807 -0.25003340102623867 0.23390949504507208 0.23324861823461254 -0.18964505508030097 -0.2929228393951972 0.10358216703643709 -0.11931491338935717 0.26479016877058337 0.25068613173647059 0.18075289386517457 0.087985568410732282 -0.12982776597143647 -0.19426000746593583 0.23272292823082533 -0.20956057818595444 0.078693949957462123 -0.17669738629276571 -0.11867401690441026 0.14938114923117299 -0.17795118074405744 0.13397380229568601 -0.27095462599637887
leaf_weight=148.44713054876775 39.056094867410138 1.1679433512035746 4.8996793373953533 3.4928957372903815 2.8472357569262368 0.95307647995650713 133.12621176487301 4.6413875594735146 3.0176628958433858 14.214041996281599 67.662878431379795 3.7836822159588328 1.8562182337045667 3.2940578376874328 1.6529072318226092 0.78592658974230323 3.9295760514214635 2.0448456760495901 1.8814407226163883 12.895012018270789 28.559287472977303 1.4939166272524724 3.4201285559684038 1.747100837528708 16.298290827311575 1.885810702107847 1.4330328884534536 1.1819049334153535 0.88780238293111313 5.1699529264587909
leaf_count=2061 560 17 48 13 49 27 843 58 7 123 360 10 6 13 9 5 30 23 31 203 407 44 40 24 217 46 37 20 8 21
internal_value=-2.81298e-11 0.12808 0.188587 0.201887 -0.062403 0.207921 0.218142 0.0169634 0.222307 0.1897 0.204022 0.124886 -0.121087 -0.0531739 0.195245 -0.102817 0.179183 0.0466216 -0.164843 -0.102094 -0.198115 -0.161086 -0.0460086 -0.206298 -0.151971 0.0702175 -0.00293133 0.0408759 -0.0441507 -0.216009
internal_weight=517.727 314.442 260.61 247.495 13.1147 244.002 231.606 12.3967 228.796 95.6701 92.6524 24.9895 2.80929 7.07774 17.9118 7.49702 5.09752 3.69775 53.8325 14.7765 203.285 36.7922 8.23289 166.493 18.0454 4.81276 3.31884 2.85563 2.06971 8.01719
internal_count=5360 2484 1690 1573 117 1560 1421 139 1388 545 538 178 33 23 155 91 47 32 794 234 2876 574 167 2302 241 127 83 33 28 70
is_linear=0
shrinkage=0.15


end of trees

feature_importances:
Column_2=17
Column_0=10
Column_4=10
Column_3=8
Column_5=8
Column_1=7

parameters:
[boosting: gbdt]
[objective: lambdarank]
[metric: ndcg]
[tree_learner: serial]
[device_type: cpu]
[data_sample_strategy: bagging]
[data: ]
[valid: ]
[num_iterations: 500]
[learning_rate: 0.15]
[num_leaves: 31]
[num_threads: 0]
[seed: 0]
[deterministic: 0]
[force_col_wise: 0]
[force_row_wise: 0]
[histogram_pool_size: -1]
[max_depth: -1]
[min_data_in_leaf: 10]
[min_sum_hessian_in_leaf: 0.001]
[bagging_fraction: 1]
[pos_bagging_fraction: 1]
[neg_bagging_fraction: 1]
[bagging_freq: 0]
[bagging_seed: 3]
[bagging_by_query: 0]
[feature_fraction: 1]
[feature_fraction_bynode: 1]
[feature_fraction_seed: 2]
[extra_trees: 0]
[extra_seed: 6]
[early_stopping_round: 0]
[early_stopping_min_delta: 0]
[first_metric_only: 0]
[max_delta_step: 0]
[lambda_l1: 0]
[lambda_l2: 0]
[linear_lambda: 0]
[min_gain_to_split: 0]
[drop_rate: 0.1]
[max_drop: 50]
[skip_drop: 0.5]
[xgboost_dart_mode: 0]
[uniform_drop: 0]
[drop_seed: 4]
[top_rate: 0.2]
[other_rate: 0.1]
[min_data_per_group: 100]
[max_cat_threshold: 32]
[cat_l2: 10]
[cat_smooth: 10]
[max_cat_to_onehot: 4]
[top_k: 20]
[monotone_constraints: ]
[monotone_constraints_method: basic]
[monotone_penalty: 0]
[feature_contri: ]
[forcedsplits_filename: ]
[refit_decay_rate: 0.9]
[cegb_tradeoff: 1]
[cegb_penalty_split: 0]
[cegb_penalty_feature_lazy: ]
[cegb_penalty_feature_coupled: ]
[path_smooth: 0]
[interaction_constraints: ]
[verbosity: -1]
[saved_feature_importance_type: 0]
[use_quantized_grad: 0]
[num_grad_quant_bins: 4]
[quant_train_renew_leaf: 0]
[stochastic_rounding: 1]
[linear_tree: 0]
[max_bin: 255]
[max_bin_by_feature: ]
[min_data_in_bin: 3]
[bin_construct_sample_cnt: 200000]
[data_random_seed: 1]
[is_enable_sparse: 1]
[enable_bundle: 1]
[use_missing: 1]
[zero_as_missing: 0]
[feature_pre_filter: 1]
[pre_partition: 0]
[two_round: 0]
[header: 0]
[label_column: ]
[weight_column: ]
[group_column: ]
[ignore_column: ]
[categorical_feature: ]
[forcedbins_filename: ]
[precise_float_parser: 0]
[parser_config_file: ]
[objective_seed: 5]
[num_class: 1]
[is_unbalance: 0]
[scale_pos_weight: 1]
[sigmoid: 1]
[boost_from_average: 1]
[reg_sqrt: 0]
[alpha: 0.9]
[fair_c: 1]
[poisson_max_delta_step: 0.7]
[tweedie_variance_power: 1.5]
[lambdarank_truncation_level: 30]
[lambdarank_norm: 1]
[label_gain: ]
[lambdarank_position_bias_regularization: 0]
[eval_at: 1,3,5,10]
[multi_error_top_k: 1]
[auc_mu_weights: ]
[num_machines: 1]
[local_listen_port: 12400]
[time_out: 120]
[machine_list_filename: ]
[machines: ]
[gpu_platform_id: -1]
[gpu_device_id: -1]
[gpu_use_dp: 0]
[num_gpu: 1]

end of parameters

pandas_categorical:null
