tree
version=v4
num_class=1
num_tree_per_iteration=1
label_index=0
max_feature_idx=5
objective=lambdarank
feature_names=Column_0 Column_1 Column_2 Column_3 Column_4 Column_5
feature_infos=[0:6519.6396000000004] [0.56983280000000003:0.99976635000000003] [0.0031884666999999998:179.87233000000001] [0.55425860000000005:0.96160820000000002] [0:52.539512999999999] [0.53411339999999996:0.93274855999999995]
tree_sizes=875 872 879 878 872 869 873 873 878 877 880 886 865 876 879 864 873 877 874 871 873 870

Tree=0
num_leaves=7
num_cat=0
split_feature=1 1 1 2 1 4
split_gain=249.531 31.5508 25.2381 7.75981 6.73621 6.29922
threshold=0.77339983500000009 0.72238863500000006 0.88364744000000017 29.174761000000004 0.80404247000000006 12.246670000000002
decision_type=2 2 2 2 2 2
left_child=1 -1 4 5 -2 -3
right_child=2 3 -4 -5 -6 -7
leaf_value=-0.49637519853617174 0.077933942143122159 -0.02056265913171406 0.44684389871602886 -0.31596482066184123 0.22606999190160113 -0.33146265211178322
leaf_weight=57.235822808986995 43.294174628157634 26.37807289842749 40.345796600799076 22.815298935398459 76.345029708405491 7.542330603930167
leaf_count=1305 861 517 483 550 1470 172
internal_value=9.16597e-11 -0.339222 0.241658 -0.180684 0.172464 -0.0896925
internal_weight=273.957 113.972 159.985 56.7357 119.639 33.9204
internal_count=5358 2544 2814 1239 2331 689
is_linear=0
shrinkage=0.3


Tree=1
num_leaves=7
num_cat=0
split_feature=1 1 3 1 4 4
split_gain=101.234 45.0704 19.0013 17.148 16.2143 13.7874
threshold=0.74960767500000014 0.90033471500000017 0.7812950500000001 0.97602965000000019 24.501120000000004 3.4926053500000003
decision_type=2 2 2 2 2 2
left_child=-1 2 5 -3 -5 -2
right_child=1 3 -4 4 -6 -7
leaf_value=-0.26303671141176732 -0.26559395754205462 0.29564433919807237 0.075763071192258072 0.24240101086058713 -0.55270707092918592 -0.020459343223489992
leaf_weight=110.41871922183782 22.726211581379175 77.66027316916734 237.66764921083814 4.8452633647248131 4.4084614925086498 226.01110347046051
leaf_count=1956 174 294 1422 29 13 1470
internal_value=1.08951e-10 0.0506597 0.0151036 0.249646 -0.136387 -0.0428564
internal_weight=683.738 573.319 486.405 86.914 9.25372 248.737
internal_count=5358 3402 3066 336 42 1644
is_linear=0
shrinkage=0.3


Tree=2
num_leaves=7
num_cat=0
split_feature=1 1 0 5 1 1
split_gain=72.573 29.4145 15.7927 13.5278 12.2519 11.6301
threshold=0.8327679750000001 0.7134892850000002 26.461423500000006 0.70038937500000009 0.82419227500000003 0.91538848000000017
decision_type=2 2 2 2 2 2
left_child=1 -1 -2 -3 -5 -4
right_child=2 3 5 4 -6 -7
leaf_value=-0.30455994078706461 0.53942395599178417 -0.15230069202455887 0.078385016828980761 0.020172166429092881 -0.2043743669990494 0.24364299817605994
leaf_weight=48.525525173055939 8.3329970738850516 84.061523640033556 158.74944275477901 171.34286987083033 25.068752237595618 50.524812017334625
leaf_count=1158 42 1138 1030 1592 147 251
internal_value=-1.97495e-10 -0.0889019 0.13441 -0.0515903 -0.00848755 0.118283
internal_weight=546.606 328.999 217.607 280.473 196.412 209.274
internal_count=5358 4035 1323 2877 1739 1281
is_linear=0
shrinkage=0.3


Tree=3
num_leaves=7
num_cat=0
split_feature=1 0 1 4 1 2
split_gain=48.9822 11.5736 8.69004 8.38355 8.37772 9.31872
threshold=0.80030513000000003 58.353123500000009 0.69660842500000009 6.8622152000000005 0.90470302500000011 69.23151750000001
decision_type=2 2 2 2 2 2
left_child=1 2 -1 -3 -2 -6
right_child=4 3 -4 -5 5 -7
leaf_value=-0.38085125143396054 0.053065831907264951 -0.19130160988873277 -0.15069323174994245 0.0067730955263481125 0.26152338207669062 -0.003933721622828382
leaf_weight=19.069628643337637 215.24231603421504 26.912087113189045 65.395197731500957 67.38502485700883 39.973028169479221 16.947837926214561
leaf_count=602 1743 568 1131 999 214 101
internal_value=9.13922e-12 -0.122002 -0.202656 -0.0497568 0.0801329 0.182485
internal_weight=450.925 178.762 84.4648 94.2971 272.163 56.9209
internal_count=5358 3300 1733 1567 2058 315
is_linear=0
shrinkage=0.3


Tree=4
num_leaves=7
num_cat=0
split_feature=1 3 0 0 3 1
split_gain=32.1907 11.7252 11.1278 9.18861 8.90518 6.56255
threshold=0.77399315000000013 0.77890038500000014 85.678965000000019 64.60659050000001 0.70021032500000013 0.85162604000000008
decision_type=2 2 2 2 2 2
left_child=-1 2 3 4 -2 -3
right_child=1 5 -4 -5 -6 -7
leaf_value=-0.16104762060442021 0.31449169060284826 0.028022333722697246 -0.11802429479200735 0.30619047015602602 -0.067354276192968437 0.1376174349290325
leaf_weight=87.163634647382423 6.6967932772822669 88.618166036205366 61.487481241900241 11.652275504078714 30.675572093576193 110.47621710691601
leaf_count=2565 50 819 679 122 321 802
internal_value=-1.34744e-09 0.0453398 -0.0330212 0.073591 0.0010691 0.088836
internal_weight=396.77 309.607 110.512 49.0246 37.3724 199.094
internal_count=5358 2793 1172 493 371 1621
is_linear=0
shrinkage=0.3


Tree=5
num_leaves=7
num_cat=0
split_feature=1 1 5 2 1 5
split_gain=21.7081 9.04982 10.5278 7.50584 6.549 4.99111
threshold=0.75678005000000004 0.98514700000000011 0.79194200000000003 102.684645 0.91162620000000005 0.76005648500000011
decision_type=2 2 2 2 2 2
left_child=-1 2 3 5 -4 -2
right_child=1 -3 4 -5 -6 -7
leaf_value=-0.16034611968322299 0.044403416764526089 -0.57515278800463332 0.072287392250610899 -0.33954654243710169 0.26144343860535141 -0.060788392851792862
leaf_weight=62.261128761630971 146.17935090805986 2.1684756382601327 46.941056483890861 5.5144677120260885 25.379755803151056 56.203587268013507
leaf_count=2145 1938 21 446 69 195 544
internal_value=1.25046e-09 0.0353534 0.0400778 0.00578131 0.138668 0.0151907
internal_weight=344.648 282.387 280.218 207.897 72.3208 202.383
internal_count=5358 3213 3192 2551 641 2482
is_linear=0
shrinkage=0.3


Tree=6
num_leaves=7
num_cat=0
split_feature=1 1 1 0 4 1
split_gain=15.1239 6.99277 6.00699 5.93154 5.31003 4.56988
threshold=0.73490202000000016 0.84630120000000009 0.97602965000000019 1343.2601000000002 27.233980000000006 0.87130715000000014
decision_type=2 2 2 2 2 2
left_child=-1 -2 3 4 5 -3
right_child=1 2 -4 -5 -6 -7
leaf_value=-0.18586284900974925 -0.013611445392591279 0.14206950566884638 -0.32959654140139855 0.4491699997979009 0.2865254249340965 0.0021871212697309492
leaf_weight=35.004223001422361 173.60313703291467 35.032675422611646 3.0614038427593178 4.1276762164197853 10.232844960875807 52.547903541242704
leaf_count=1578 2709 391 42 35 85 518
internal_value=-8.27373e-10 0.0233519 0.0844644 0.0968991 0.0820335 0.0581408
internal_weight=313.61 278.606 105.003 101.941 97.8134 87.5806
internal_count=5358 3780 1071 1029 994 909
is_linear=0
shrinkage=0.3


Tree=7
num_leaves=7
num_cat=0
split_feature=1 0 1 5 0 0
split_gain=10.866 6.55721 7.68868 6.34937 4.37106 8.18699
threshold=0.78778827000000018 23.112448000000004 0.90470302500000011 0.7257720350000002 64.60659050000001 72.571443000000016
decision_type=2 2 2 2 2 2
left_child=3 -2 -3 4 -1 -6
right_child=1 2 -4 -5 5 -7
leaf_value=-0.21256266204281379 0.25547467970136883 0.001317768876357896 0.1781168449846616 0.032165573703123958 0.39923672242514113 -0.10964397923393249
leaf_weight=33.664740771666402 11.878201321698723 161.17832347126387 25.662520115729421 28.329506032285281 3.1952428584918406 25.983447916107252
leaf_count=1408 148 1955 312 590 77 868
internal_value=4.65544e-10 0.0393415 0.0256011 -0.0857481 -0.138903 -0.0539185
internal_weight=289.892 198.719 186.841 91.1729 62.8434 29.1787
internal_count=5358 2415 2267 2943 2353 945
is_linear=0
shrinkage=0.3


Tree=8
num_leaves=7
num_cat=0
split_feature=1 0 5 0 1 2
split_gain=7.16105 4.15048 4.64049 3.22169 3.27755 6.36466
threshold=0.7134892850000002 302.24043000000006 0.70752643000000004 281.83364000000006 0.84630120000000009 40.934345500000006
decision_type=2 2 2 2 2 2
left_child=-1 3 -3 4 -2 -6
right_child=1 2 -4 -5 5 -7
leaf_value=-0.19403758143591054 -0.025853581472222355 -0.13767406841530708 0.12179325453509172 -0.26265656853395375 -0.024999480305800053 0.18683951823596942
leaf_weight=16.084187329397537 139.96951069726492 7.1698156241327515 46.031624417984858 4.3586127278394988 31.121856696438044 21.640255537931807
leaf_count=1158 2755 130 606 57 386 266
internal_value=4.44595e-10 0.0124692 0.0868255 -0.00760214 -0.0018341 0.0618858
internal_weight=266.376 250.292 53.2014 197.09 192.732 52.7621
internal_count=5358 4200 736 3464 3407 652
is_linear=0
shrinkage=0.3


Tree=9
num_leaves=7
num_cat=0
split_feature=1 1 2 4 2 4
split_gain=5.40369 4.75366 3.80007 3.79421 3.38884 6.44807
threshold=0.77399315000000013 0.77492250000000007 20.629115000000002 12.334775500000001 62.96068300000001 12.809168000000001
decision_type=2 2 2 2 2 2
left_child=2 -2 3 -1 -3 -6
right_child=1 4 -4 -5 5 -7
leaf_value=0.063583883616297437 0.42933266468954923 0.036391785304557604 -0.15638033559795891 -0.25701744740865218 -0.25868429716425234 0.017257803853284348
leaf_weight=18.700570640619848 2.5545241762883952 158.29662173282122 29.657223426911514 4.0399837831500909 10.865900624427011 25.524602635006886
leaf_count=790 21 2227 1465 310 154 391
internal_value=3.96687e-10 0.0227492 -0.0856353 0.0066273 0.0174144 -0.0651362
internal_weight=249.639 197.242 52.3978 22.7406 194.687 36.3905
internal_count=5358 2793 2565 1100 2772 545
is_linear=0
shrinkage=0.3


Tree=10
num_leaves=7
num_cat=0
split_feature=1 4 1 0 2 3
split_gain=4.89292 3.87418 3.38897 3.72122 3.10745 4.28965
threshold=0.78778827000000018 33.880431000000009 0.77984450000000016 58.353123500000009 62.96068300000001 0.78357994500000017
decision_type=2 2 2 2 2 2
left_child=2 4 3 -1 5 -2
right_child=1 -3 -4 -5 -6 -7
leaf_value=-0.11388496200379326 -0.004256170494355763 -0.30483595390387624 -0.21706997792530983 0.039157931308307782 -0.054513072538172919 0.10129882993520832
leaf_weight=28.83011634540162 65.070930536894593 3.1096879716496906 11.406079045031218 28.369105532532558 29.989885558868991 74.118295978987589
leaf_count=1572 935 34 210 1161 489 957
internal_value=-1.52163e-09 0.02698 -0.0677551 -0.0379803 0.0330792 0.0519519
internal_weight=240.894 172.289 68.6053 57.1992 169.179 139.189
internal_count=5358 2415 2943 2733 2381 1892
is_linear=0
shrinkage=0.3


Tree=11
num_leaves=7
num_cat=0
split_feature=0 0 5 4 5 1
split_gain=3.84281 5.09439 5.92534 4.61875 3.74352 4.82095
threshold=188.13402000000002 126.89480750000001 0.79901277000000015 6.5673188500000004 0.76350355000000014 0.80404247000000006
decision_type=2 2 2 2 2 2
left_child=1 2 4 -3 5 -1
right_child=-2 3 -4 -5 -6 -7
leaf_value=-0.052584287903913146 0.051156073860056321 -0.36429943243709118 0.17965800987962247 -0.077089038460121065 -0.15326002392872823 0.09807533052440362
leaf_weight=55.857398030668264 83.745935862651095 6.5697874440811601 14.205938106868414 21.630986217234749 17.540818348177709 29.06016869598534
leaf_count=2412 1375 160 198 470 308 435
internal_value=-2.51304e-11 -0.0295731 -0.00191345 -0.143999 -0.0270885 -0.00102612
internal_weight=228.611 144.865 116.664 28.2008 102.458 84.9176
internal_count=5358 3983 3353 630 3155 2847
is_linear=0
shrinkage=0.3


Tree=12
num_leaves=7
num_cat=0
split_feature=1 2 2 4 1 4
split_gain=3.67883 1.98651 5.56656 4.56687 4.18768 2.91558
threshold=0.7134892850000002 38.422889000000005 33.138790000000007 7.3206030000000011 0.86047087500000019 20.873293
decision_type=2 2 2 2 2 2
left_child=-1 2 5 4 -3 -2
right_child=1 3 -4 -5 -6 -7
leaf_value=-0.16913237116968452 0.020782247656804448 -0.29637657715120258 0.18480819581907443 0.0023520820704803895 0.10859731850482417 -0.17650393164040309
leaf_weight=10.989035812817745 91.23663521783601 9.175015018321572 18.683881007775199 76.851271164778154 3.0660019186325362 7.2796989771304643
leaf_count=1158 2000 266 359 1397 39 139
internal_value=2.3636e-10 0.00900955 0.0346769 -0.0247557 -0.194943 0.00620412
internal_weight=217.282 206.293 117.2 89.0923 12.241 98.5163
internal_count=5358 4200 2498 1702 305 2139
is_linear=0
shrinkage=0.3


Tree=13
num_leaves=7
num_cat=0
split_feature=1 3 5 5 5 3
split_gain=2.14235 2.59457 2.38956 2.38734 1.99254 2.48373
threshold=0.72838628000000016 0.68376243000000014 0.56965220000000005 0.62271487500000011 0.64125002000000009 0.68951618500000011
decision_type=2 2 2 2 2 2
left_child=1 3 -3 -1 5 -2
right_child=4 2 -4 -5 -6 -7
leaf_value=-0.20061871912822304 0.21050683439364429 0.81233521974168255 -0.23813288609630898 0.19074029482499735 0.01382034365158265 -0.26852459331376111
leaf_weight=2.2592887890059492 1.2417128107044835 0.19943371205590565 8.5589657044911274 3.7006166026403662 186.39559910839307 4.5205438032280654
leaf_count=292 48 18 845 276 3733 146
internal_value=-8.00623e-11 -0.110309 -0.214213 0.0423834 0.00844911 -0.165298
internal_weight=206.876 14.7183 8.7584 5.95991 192.158 5.76226
internal_count=5358 1431 863 568 3927 194
is_linear=0
shrinkage=0.3


Tree=14
num_leaves=7
num_cat=0
split_feature=1 1 1 1 1 5
split_gain=1.91255 3.73193 2.8298 7.87929 3.96174 4.01009
threshold=0.97602965000000019 0.91851473500000014 0.87321842500000013 0.87661518000000005 0.8650013150000001 0.72970558500000016
decision_type=2 2 2 2 2 2
left_child=1 2 4 -4 -1 -6
right_child=-2 -3 3 -5 5 -7
leaf_value=-0.0020280341484336618 -0.29145990677304878 0.17171215344743257 -0.53896790750644585 -0.038175523180329261 -0.12645773347746272 0.35831127446647931
leaf_weight=154.01773412623152 2.0062596024945369 11.134536201250738 3.1842086210381266 25.246102692442946 2.1454511834308496 5.4043521303683519
leaf_count=4602 42 189 42 357 51 75
internal_value=-1.49042e-09 0.00290726 -0.0069853 -0.0942645 0.00837283 0.220553
internal_weight=203.139 201.132 189.998 28.4303 161.568 7.5498
internal_count=5358 5316 5127 399 4728 126
is_linear=0
shrinkage=0.3


Tree=15
num_leaves=7
num_cat=0
split_feature=0 2 3 0 2 1
split_gain=1.99951 3.39821 2.84809 2.73197 2.0017 1.98591
threshold=606.99297500000011 89.737130000000022 0.7796578500000001 587.00149500000009 24.349410000000002 0.90878332500000003
decision_type=2 2 2 2 2 2
left_child=3 2 4 -1 -2 -3
right_child=1 5 -4 -5 -6 -7
leaf_value=-0.0057178735994052989 0.18714430076320057 -0.47624375103395433 0.24840206927546404 -0.50880767328220666 -0.32520579681748746 0.1272660559159155
leaf_weight=182.52589116443414 1.2353907136712217 1.2858491465449327 9.351425461121833 0.9766630248632272 1.5440480969846246 0.79357273795176286
leaf_count=5098 20 27 137 20 28 28
internal_value=5.4936e-11 0.108414 0.169153 -0.00839549 -0.0974791 -0.245925
internal_weight=197.713 14.2103 12.1309 183.503 2.77944 2.07942
internal_count=5358 240 185 5118 48 55
is_linear=0
shrinkage=0.3


Tree=16
num_leaves=7
num_cat=0
split_feature=1 4 4 2 2 1
split_gain=1.63759 1.41838 1.95777 1.25128 1.4889 2.2231
threshold=0.70811701000000016 12.334775500000001 11.511289000000003 3.4955114000000003 5.3083363000000006 0.81011652000000012
decision_type=2 2 2 2 2 2
left_child=1 2 -1 -2 5 -5
right_child=3 -3 -4 4 -6 -7
leaf_value=-0.15025515986451707 0.15291030012571805 -0.36158182778198761 0.30082913140936346 0.01569309801032534 0.0043922333096167963 -0.59308073596225397
leaf_weight=4.3736117653315878 5.0405872517731032 1.9060132147278634 1.0797171948361208 1.2682298043509939 179.49421638378408 0.94002967933192838
leaf_count=656 115 370 27 59 4120 11
internal_value=2.83793e-10 -0.138807 -0.0609439 0.00547023 0.00138011 -0.243455
internal_weight=194.102 7.35934 5.45333 186.743 181.702 2.20826
internal_count=5358 1053 683 4305 4190 70
is_linear=0
shrinkage=0.3


Tree=17
num_leaves=7
num_cat=0
split_feature=4 1 4 2 0 5
split_gain=1.48828 4.35601 4.20931 3.96076 2.81892 2.98431
threshold=6.9972668000000011 0.8702489000000001 8.070136500000002 37.636814000000008 170.52947500000002 0.81087695000000015
decision_type=2 2 2 2 2 2
left_child=1 3 -2 -1 -4 -6
right_child=2 -3 4 -5 5 -7
leaf_value=0.037448374572257949 0.19451654097292245 -0.31896959269889907 -0.037697716490236316 -0.2031257066792734 0.082773349879704472 -0.078520921671233021
leaf_weight=28.240364758559735 10.768545783153966 4.8085184552473939 78.676771043261397 7.877199137088609 48.081388702383265 13.146892845019464
leaf_count=1094 315 57 2387 379 886 240
internal_value=4.03748e-10 -0.0507324 0.01378 -0.0150206 -0.000131397 0.0481404
internal_weight=191.6 40.9261 150.674 36.1176 139.905 61.2283
internal_count=5358 1530 3828 1473 3513 1126
is_linear=0
shrinkage=0.3


Tree=18
num_leaves=7
num_cat=0
split_feature=1 4 2 4 5 0
split_gain=1.43439 1.95738 2.88116 1.48259 3.33325 2.76586
threshold=0.91538848000000017 24.308303500000005 51.62372100000001 15.477439000000002 0.82844602000000012 470.08647000000002
decision_type=2 2 2 2 2 2
left_child=3 -2 -3 4 -1 -5
right_child=1 2 -4 5 -6 -7
leaf_value=0.016799256809665614 0.17798104196309669 0.35317689222763243 -0.26013255060013579 -0.074742934140204428 -0.41402106327230803 0.12822869560036124
leaf_weight=123.48496551744756 8.4975043617887405 0.95358809106983189 2.4879527390003204 46.672085895916098 1.6377209823112924 6.9408917151740743
leaf_count=3703 184 21 47 1253 24 126
internal_value=-9.88395e-11 0.100677 -0.0901957 -0.00672492 0.0111603 -0.0484656
internal_weight=190.675 11.939 3.44154 178.736 125.123 53.613
internal_count=5358 252 68 5106 3727 1379
is_linear=0
shrinkage=0.3


Tree=19
num_leaves=7
num_cat=0
split_feature=0 0 1 0 5 5
split_gain=1.48171 7.64868 4.76452 3.23437 2.49182 2.33502
threshold=122.39431000000002 155.13843000000003 0.88364744000000017 108.74778250000001 0.76651670000000005 0.8044648000000002
decision_type=2 2 2 2 2 2
left_child=3 2 -2 5 -5 -1
right_child=1 -3 -4 4 -6 -7
leaf_value=-0.00757527996732909 -0.14575026771035451 0.01057458969272586 -0.59351651553042173 0.28592826339255983 -0.19318624422344993 0.14377752353293838
leaf_weight=78.573176684323698 12.656041756650664 79.850599263270851 2.5736708804033688 6.4767201180220573 1.150517229340039 10.386535984114742
leaf_count=2951 366 1669 33 153 36 150
internal_value=-2.50103e-09 -0.0265854 -0.221418 0.0261707 0.213657 0.010096
internal_weight=191.667 95.0803 15.2297 96.587 7.62724 88.9597
internal_count=5358 2068 399 3290 189 3101
is_linear=0
shrinkage=0.3


Tree=20
num_leaves=7
num_cat=0
split_feature=1 5 3 4 5 4
split_gain=1.1284 1.60213 3.34516 2.83587 3.54579 2.97815
threshold=0.93388033000000015 0.81087695000000015 0.81868469500000007 27.233980000000006 0.75675833000000015 19.690672000000003
decision_type=2 2 2 2 2 2
left_child=1 3 -3 5 -5 -1
right_child=-2 2 -4 4 -6 -7
leaf_value=0.01268413889110369 0.13189511189720127 -0.21595945758866614 0.056721702837246979 -0.27897287548714095 0.41840042389492604 -0.12155608338868994
leaf_weight=143.17207498852804 5.6597382415202437 9.0257835382944922 7.3432326024631029 0.84596863301703651 2.9249358342494816 16.59823049561237
leaf_count=4348 168 151 134 42 53 462
internal_value=-8.94452e-10 -0.00414925 -0.0936332 0.00480729 0.261951 -0.00126182
internal_weight=185.57 179.91 16.369 163.541 3.7709 159.77
internal_count=5358 5190 285 4905 95 4810
is_linear=0
shrinkage=0.3


Tree=21
num_leaves=7
num_cat=0
split_feature=2 5 0 1 0 4
split_gain=1.41357 2.21106 2.25144 1.93088 1.6175 4.73819
threshold=87.701180000000008 0.75755811000000006 521.3913500000001 0.81501305000000013 188.13402000000002 7.2451007000000009
decision_type=2 2 2 2 2 2
left_child=4 3 -3 -2 -1 -6
right_child=1 2 -4 -5 5 -7
leaf_value=-0.014830511159430381 0.032431724831954903 0.12084517375573746 -0.25160497170042323 -0.44519573461271533 -0.14165733133459851 0.081962043520836497
leaf_weight=115.12338937631284 1.0992132235551237 4.3169300486915745 2.2077565682993736 2.4813534910790622 10.203655891295055 51.921623847796582
leaf_count=3923 52 83 54 42 268 936
internal_value=2.27653e-10 -0.109135 -0.00518069 -0.298567 0.006222 0.0452341
internal_weight=187.354 10.1053 6.52469 3.58057 177.249 62.1253
internal_count=5358 231 137 94 5127 1204
is_linear=0
shrinkage=0.3


end of trees

feature_importances:
Column_1=48
Column_0=22
Column_4=20
Column_5=18
Column_2=16
Column_3=8

parameters:
[boosting: gbdt]
[objective: lambdarank]
[metric: ndcg]
[tree_learner: serial]
[device_type: cpu]
[data_sample_strategy: bagging]
[data: ]
[valid: ]
[num_iterations: 500]
[learning_rate: 0.3]
[num_leaves: 7]
[num_threads: 0]
[seed: 0]
[deterministic: 0]
[force_col_wise: 0]
[force_row_wise: 0]
[histogram_pool_size: -1]
[max_depth: -1]
[min_data_in_leaf: 20]
[min_sum_hessian_in_leaf: 0.001]
[bagging_fraction: 1]
[pos_bagging_fraction: 1]
[neg_bagging_fraction: 1]
[bagging_freq: 0]
[bagging_seed: 3]
[bagging_by_query: 0]
[feature_fraction: 1]
[feature_fraction_bynode: 1]
[feature_fraction_seed: 2]
[extra_trees: 0]
[extra_seed: 6]
[early_stopping_round: 0]
[early_stopping_min_delta: 0]
[first_metric_only: 0]
[max_delta_step: 0]
[lambda_l1: 0]
[lambda_l2: 0]
[linear_lambda: 0]
[min_gain_to_split: 0]
[drop_rate: 0.1]
[max_drop: 50]
[skip_drop: 0.5]
[xgboost_dart_mode: 0]
[uniform_drop: 0]
[drop_seed: 4]
[top_rate: 0.2]
[other_rate: 0.1]
[min_data_per_group: 100]
[max_cat_threshold: 32]
[cat_l2: 10]
[cat_smooth: 10]
[max_cat_to_onehot: 4]
[top_k: 20]
[monotone_constraints: ]
[monotone_constraints_method: basic]
[monotone_penalty: 0]
[feature_contri: ]
[forcedsplits_filename: ]
[refit_decay_rate: 0.9]
[cegb_tradeoff: 1]
[cegb_penalty_split: 0]
[cegb_penalty_feature_lazy: ]
[cegb_penalty_feature_coupled: ]
[path_smooth: 0]
[interaction_constraints: ]
[verbosity: -1]
[saved_feature_importance_type: 0]
[use_quantized_grad: 0]
[num_grad_quant_bins: 4]
[quant_train_renew_leaf: 0]
[stochastic_rounding: 1]
[linear_tree: 0]
[max_bin: 255]
[max_bin_by_feature: ]
[min_data_in_bin: 3]
[bin_construct_sample_cnt: 200000]
[data_random_seed: 1]
[is_enable_sparse: 1]
[enable_bundle: 1]
[use_missing: 1]
[zero_as_missing: 0]
[feature_pre_filter: 1]
[pre_partition: 0]
[two_round: 0]
[header: 0]
[label_column: ]
[weight_column: ]
[group_column: ]
[ignore_column: ]
[categorical_feature: ]
[forcedbins_filename: ]
[precise_float_parser: 0]
[parser_config_file: ]
[objective_seed: 5]
[num_class: 1]
[is_unbalance: 0]
[scale_pos_weight: 1]
[sigmoid: 1]
[boost_from_average: 1]
[reg_sqrt: 0]
[alpha: 0.9]
[fair_c: 1]
[poisson_max_delta_step: 0.7]
[tweedie_variance_power: 1.5]
[lambdarank_truncation_level: 30]
[lambdarank_norm: 1]
[label_gain: ]
[lambdarank_position_bias_regularization: 0]
[eval_at: 1,3,5,10]
[multi_error_top_k: 1]
[auc_mu_weights: ]
[num_machines: 1]
[local_listen_port: 12400]
[time_out: 120]
[machine_list_filename: ]
[machines: ]
[gpu_platform_id: -1]
[gpu_device_id: -1]
[gpu_use_dp: 0]
[num_gpu: 1]

end of parameters

pandas_categorical:null
