tree
version=v4
num_class=1
num_tree_per_iteration=1
label_index=0
max_feature_idx=5
objective=lambdarank
feature_names=Column_0 Column_1 Column_2 Column_3 Column_4 Column_5
feature_infos=[0:4063.8508000000002] [0.56803155000000005:0.99983334999999995] [0.0031884666999999998:187.84569999999999] [0.55425860000000005:0.96160820000000002] [0:51.815899999999999] [0.53411339999999996:0.91226624999999995]
tree_sizes=872 877 868 868 874 865 868 862 880 878 871 865 883 873 871 881 875 867

Tree=0
num_leaves=7
num_cat=0
split_feature=1 1 1 5 5 2
split_gain=219.394 27.609 22.0307 6.51705 5.03113 3.87913
threshold=0.76645350500000009 0.73034751500000017 0.90033471500000017 0.80038785000000001 0.65135276500000006 29.156321000000002
decision_type=2 2 2 2 2 2
left_child=1 -1 3 4 -2 -3
right_child=2 5 -4 -5 -6 -7
leaf_value=-0.46058795534990438 -0.23893744182507787 -0.073199340559175471 0.49222871143483887 0.3406745074555812 0.16202261953884517 -0.2551131000095187
leaf_weight=62.380634468398057 2.8918315051123491 25.316020960104652 24.016788350767456 19.247318343375809 108.07952573966031 18.087269844021648
leaf_count=1559 83 545 336 304 2133 400
internal_value=5.08803e-10 -0.332746 0.228217 0.179524 0.151574 -0.149007
internal_weight=260.019 105.784 154.235 130.219 110.971 43.4033
internal_count=5360 2504 2856 2520 2216 945
is_linear=0
shrinkage=0.3


Tree=1
num_leaves=7
num_cat=0
split_feature=1 5 3 4 0 2
split_gain=90.3724 34.5901 41.3281 19.5091 19.3169 16.8554
threshold=0.79081260000000009 0.75243652000000016 0.72926366500000006 18.470887500000003 1030.5607000000002 86.531980000000019
decision_type=2 2 2 2 2 2
left_child=3 4 -3 -1 5 -2
right_child=1 2 -4 -5 -6 -7
leaf_value=-0.11468753188710082 -0.0035373002525328967 -0.27434828188383875 0.19167407727935823 -0.36571650447524812 0.59223697084489257 -0.37156893045400091
leaf_weight=208.40565239952412 187.01153154895292 18.539536770433187 224.74590669409372 32.163467738195322 4.6614769697189322 11.913312091259284
leaf_count=2715 968 78 1149 377 25 48
internal_value=-3.484e-10 0.0798087 0.156161 -0.148249 -0.0114322 -0.0255782
internal_weight=687.441 446.872 243.285 240.569 203.586 198.925
internal_count=5360 2268 1227 3092 1041 1016
is_linear=0
shrinkage=0.3


Tree=2
num_leaves=7
num_cat=0
split_feature=1 1 0 1 5 1
split_gain=67.8506 24.6072 20.7569 20.1627 17.6773 14.037
threshold=0.82900095000000007 0.73932086500000016 26.142744000000004 0.91056108000000002 0.82593095000000016 0.98533082500000013
decision_type=2 2 2 2 2 2
left_child=1 -1 -2 -4 -3 -5
right_child=2 4 3 5 -6 -7
leaf_value=-0.21780176601740853 0.56118622551015107 -0.021609164181684112 0.05963074327364308 0.33109919211539296 -0.5609259556774655 -0.290595169629148
leaf_weight=91.762273571686819 9.6578624723479134 228.53625187838043 157.14139500484453 43.204879958182573 5.6039066193625322 3.5361172459088257
leaf_count=1790 52 2163 1063 250 21 21
internal_value=9.7741e-10 -0.0861234 0.131441 0.111084 -0.0345172 0.284066
internal_weight=539.443 325.902 213.54 203.882 234.14 46.741
internal_count=5360 3974 1386 1334 2184 271
is_linear=0
shrinkage=0.3


Tree=3
num_leaves=7
num_cat=0
split_feature=1 5 1 0 5 0
split_gain=49.4609 15.75 14.7125 12.9489 11.3529 11.4974
threshold=0.77238643500000015 0.73667990000000005 0.91377520500000009 412.19916000000006 0.70750498000000006 957.43577500000015
decision_type=2 2 2 2 2 2
left_child=1 -1 3 -2 -5 -6
right_child=2 -3 -4 4 5 -7
leaf_value=-0.19145323625462737 0.018397825513478142 0.12929009346245376 0.2595358148078622 -0.31761426711941926 0.35063523091488807 -0.079547966598690664
leaf_weight=117.51372125472699 254.23586469321162 15.60885336929641 31.131990252062678 3.3621483687311402 26.676388548221439 7.0744283925741902
leaf_count=2362 2174 268 252 40 206 58
internal_value=8.38431e-10 -0.153846 0.0635086 0.0425622 0.208096 0.260466
internal_weight=455.603 133.123 322.481 291.349 37.113 33.7508
internal_count=5360 2630 2730 2478 304 264
is_linear=0
shrinkage=0.3


Tree=4
num_leaves=7
num_cat=0
split_feature=1 4 4 3 1 0
split_gain=31.5198 14.1593 10.2155 9.42466 9.4857 8.20515
threshold=0.78251337500000007 7.2740857000000014 8.8428860000000018 0.72850705000000004 0.85465538000000008 66.743735000000015
decision_type=2 2 2 2 2 2
left_child=5 3 -3 -2 -5 -1
right_child=1 2 -4 4 -6 -7
leaf_value=-0.18085471695260863 0.21796114225554802 0.30558364568562402 0.072797107161694935 -0.22555962782022376 0.0758203950407043 -0.031844229536449352
leaf_weight=78.597796534617373 8.0526300123892707 18.529198847711086 201.13719749206211 31.163665300933644 13.457977482234126 57.653446746640839
leaf_count=1799 76 213 1847 245 97 1083
internal_value=-1.77087e-09 0.0589362 0.092433 -0.0807551 -0.134663 -0.117802
internal_weight=408.592 272.341 219.666 52.6743 44.6216 136.251
internal_count=5360 2478 2060 418 342 2882
is_linear=0
shrinkage=0.3


Tree=5
num_leaves=7
num_cat=0
split_feature=1 1 2 1 4 5
split_gain=25.2827 7.34053 8.44577 7.40472 5.76228 5.06536
threshold=0.77342033500000007 0.91056108000000002 63.372017500000005 0.97642135000000019 17.067515500000003 0.83068525000000004
decision_type=2 2 2 2 2 2
left_child=-1 -2 -3 4 -4 -6
right_child=1 2 3 -5 5 -7
leaf_value=-0.12866923760792612 0.03263805206587439 0.34038000131893648 0.44401206957388717 -0.50225926037193258 -0.23858026702060472 0.33635825005248454
leaf_weight=98.657592567389656 223.61768016756105 15.747984841233121 3.2038565911352617 2.1306022554635993 4.2176858349703252 2.0492227822542191
leaf_count=2651 2436 161 25 19 38 30
internal_value=8.08623e-11 0.0505811 0.19729 0.0030559 0.116735 -0.0505805
internal_weight=349.625 250.967 27.3494 11.6014 9.47077 6.26691
internal_count=5360 2709 273 112 93 68
is_linear=0
shrinkage=0.3


Tree=6
num_leaves=7
num_cat=0
split_feature=1 5 1 2 5 1
split_gain=16.6372 6.03633 5.02939 8.36884 8.07401 5.9575
threshold=0.75666215000000014 0.7405573150000001 0.84817766500000003 17.776277500000003 0.80215825000000007 0.8730739500000001
decision_type=2 2 2 2 2 2
left_child=1 -1 -2 4 -4 -5
right_child=2 -3 3 5 -6 -7
leaf_value=-0.14858967777990401 0.0037970668416990303 0.15953365872999825 -0.33321690228099821 0.23414446547889345 0.27749239696752648 0.066055836220953193
leaf_weight=69.564453620274435 156.09542164303275 6.2351380789186797 7.2755130366422218 28.21421728671703 2.6609002146869898 57.964323511288967
leaf_count=2102 2058 150 58 340 25 627
internal_value=-7.93206e-10 -0.123244 0.0370399 0.0910279 -0.169673 0.121087
internal_weight=328.01 75.7996 252.21 96.115 9.93641 86.1785
internal_count=5360 2252 3108 1050 83 967
is_linear=0
shrinkage=0.3


Tree=7
num_leaves=7
num_cat=0
split_feature=1 1 0 3 3 0
split_gain=12.0205 4.88276 5.7715 10.2212 5.60142 4.27796
threshold=0.75666215000000014 0.8854595500000001 176.239405 0.80723774500000012 0.67688132500000009 957.43577500000015
decision_type=2 2 2 2 2 2
left_child=-1 4 3 -3 -2 -4
right_child=1 2 5 -5 -6 -7
leaf_value=-0.10921811140753938 0.31700164370040446 -0.37077350528237429 0.25850396116008806 0.17300913492679676 0.0041822954566013816 -0.067624144789121723
leaf_weight=69.654684442211874 5.2993126770015797 5.0408933619037262 22.854900043690581 8.1256258637877163 184.98647580416582 4.3012116895988575
leaf_count=2252 75 56 280 94 2550 53
internal_value=2.39605e-10 0.0329891 0.127819 -0.0351818 0.0128941 0.206849
internal_weight=300.263 230.608 40.3226 13.1665 190.286 27.1561
internal_count=5360 3108 483 150 2625 333
is_linear=0
shrinkage=0.3


Tree=8
num_leaves=7
num_cat=0
split_feature=5 5 3 5 0 4
split_gain=9.61343 4.96431 5.68186 5.58487 4.30004 6.72427
threshold=0.64125002000000009 0.77461672000000015 0.83337807500000016 0.7256264750000001 107.90364500000003 9.089459500000002
decision_type=2 2 2 2 2 2
left_child=-1 2 4 -4 5 -2
right_child=1 -3 3 -5 -6 -7
leaf_value=-0.17489016998904341 0.055359972099873291 0.084194766449253319 0.16059354550722457 -0.26397926231910185 0.060632187406091789 -0.10959443019884846
leaf_weight=25.699550790770445 40.057897370890714 72.248116479255259 3.5290838585060582 13.285159342456607 76.110139779280871 50.006042205131962
leaf_count=866 916 964 83 168 1212 1151
internal_value=2.31586e-09 0.0176096 -0.00867986 -0.174867 0.00813571 -0.0362274
internal_weight=280.936 255.236 182.988 16.8142 166.174 90.0639
internal_count=5360 4494 3530 251 3279 2067
is_linear=0
shrinkage=0.3


Tree=9
num_leaves=7
num_cat=0
split_feature=5 1 5 4 3 0
split_gain=8.91009 4.97933 4.16096 4.21553 4.81754 5.00444
threshold=0.69339609000000013 0.7226866500000001 0.70547510000000002 15.083576500000001 0.76467728000000013 94.107250000000008
decision_type=2 2 2 2 2 2
left_child=-1 -2 -3 -4 5 -5
right_child=1 2 3 4 -6 -7
leaf_value=-0.10322721763423356 -0.2922036858494198 0.18489773839691787 -0.017496788314311215 0.092748515434522463 0.1113796826095392 -0.23801512335497527
leaf_weight=58.301243036054075 4.2252571996068573 15.737989475914217 99.100392487554927 8.3526001804275456 64.953123067061824 8.1180502912029606
leaf_count=2085 243 284 1586 165 863 134
internal_value=-7.05979e-12 0.0300182 0.0369552 0.0240577 0.0746334 -0.0702782
internal_weight=258.789 200.487 196.262 180.524 81.4238 16.4707
internal_count=5360 3275 3032 2748 1162 299
is_linear=0
shrinkage=0.3


Tree=10
num_leaves=7
num_cat=0
split_feature=5 1 0 4 4 1
split_gain=6.22027 4.56039 4.05129 3.73888 3.44954 2.44711
threshold=0.70051755000000016 0.79547930000000011 45.068303000000007 12.672168000000001 8.0087845000000026 0.7226866500000001
decision_type=2 2 2 2 2 2
left_child=1 3 -3 -1 -4 -2
right_child=5 2 4 -5 -6 -7
leaf_value=-0.082879289909962087 -0.26292363056151524 0.3878103016550713 -0.20810317228753786 -0.292716990997824 0.13986567900081978 0.033147969910453018
leaf_weight=40.250817147665657 2.5492805937537915 2.9107507450389667 4.5618864984717202 9.433201157153233 5.8546878536581062 174.04196749052426
leaf_count=1548 192 34 84 516 113 2873
internal_value=1.48299e-09 -0.0809199 0.0749097 -0.12272 -0.0125255 0.0288739
internal_weight=239.603 63.0113 13.3273 49.684 10.4166 176.591
internal_count=5360 2295 231 2064 197 3065
is_linear=0
shrinkage=0.3


Tree=11
num_leaves=7
num_cat=0
split_feature=1 3 3 1 4 1
split_gain=3.90527 3.29022 3.48625 4.443 2.88186 2.788
threshold=0.73494685000000015 0.75107014500000002 0.73406173000000019 0.68090356500000004 12.437471 0.91056108000000002
decision_type=2 2 2 2 2 2
left_child=1 2 4 -4 -1 -2
right_child=5 -3 3 -5 -6 -7
leaf_value=-0.053701887031768689 0.0058469505961054628 -0.34398644108153692 0.53172487085627385 -0.12463019969250787 -0.32841138271203818 0.1462485429105107
leaf_weight=19.226006914512265 186.25198574944079 4.2455716867698348 1.8938899917993688 1.820358272641897 4.1850453292718148 13.662667282187611
leaf_count=811 3402 262 31 138 443 273
internal_value=-1.43508e-09 -0.0984082 -0.059971 0.210044 -0.10281 0.0154423
internal_weight=231.286 31.3709 27.1253 3.71425 23.4111 199.915
internal_count=5360 1685 1423 169 1254 3675
is_linear=0
shrinkage=0.3


Tree=12
num_leaves=7
num_cat=0
split_feature=1 4 1 4 4 4
split_gain=3.86557 5.33669 3.50348 2.8855 2.62092 5.30823
threshold=0.97642135000000019 29.409382000000004 0.91056108000000002 2.4483833000000006 9.4050845000000027 10.303728000000001
decision_type=2 2 2 2 2 2
left_child=1 2 3 -1 -5 -6
right_child=-2 -3 -4 4 5 -7
leaf_value=-0.15872329325693918 -0.33685840594693983 0.28728872214761869 0.17903141313130894 0.046155268331386681 -0.21503097161164147 -0.0076780910829686447
leaf_weight=11.272916533634996 3.0243613173079202 5.8517143684439352 9.1024181712709815 65.647977994667599 12.289438792064173 115.92520983080067
leaf_count=381 42 112 207 1810 283 2525
internal_value=5.29134e-10 0.00462894 -0.00309166 -0.0111729 -0.00259304 -0.027553
internal_weight=223.114 220.09 214.238 205.136 193.863 128.215
internal_count=5360 5318 5206 4999 4618 2808
is_linear=0
shrinkage=0.3


Tree=13
num_leaves=7
num_cat=0
split_feature=0 2 0 1 0 3
split_gain=3.50332 5.21857 3.98218 3.86322 4.31848 1.98821
threshold=2.2370151500000004 3.6758056000000003 3.3592923000000003 0.7674835900000001 9.2692495000000026 0.78669226000000014
decision_type=2 2 2 2 2 2
left_child=1 -1 -2 5 -5 -4
right_child=2 -3 3 4 -6 -7
leaf_value=0.46654368865836132 0.33600465351768688 -0.321420151992105 -0.061590190235284295 0.33658410309493192 0.014794256153472959 -0.31111797116258855
leaf_weight=0.87302298378199239 3.2556513864547005 5.665225753095001 38.160840482960339 3.8445510538294903 158.36892727071609 3.1079243877902618
leaf_count=32 88 216 2069 55 2726 174
internal_value=1.62558e-09 -0.216207 0.00683771 0.00157115 0.0224209 -0.080382
internal_weight=213.276 6.53825 206.738 203.482 162.213 41.2688
internal_count=5360 248 5112 5024 2781 2243
is_linear=0
shrinkage=0.3


Tree=14
num_leaves=7
num_cat=0
split_feature=5 4 1 4 3 2
split_gain=3.19097 2.24759 2.63294 1.9115 2.64276 5.0124
threshold=0.64212847500000014 2.4483833000000006 0.66497195000000009 5.4694168500000009 0.82019245000000007 63.372017500000005
decision_type=2 2 2 2 2 2
left_child=-1 2 -2 -3 -5 -6
right_child=1 3 -4 4 5 -7
leaf_value=-0.14000135173879855 0.54348461259563041 0.10585012737641003 -0.20894734090638692 -0.01634673359508192 0.1553803262960583 -0.053381866026161545
leaf_weight=13.682052406598812 0.44804906239733 19.165622612461448 6.357527139945887 124.17145623847318 25.330627773124434 17.503718814346939
leaf_count=887 4 480 206 2969 498 316
internal_value=-2.59131e-09 0.00992608 -0.159411 0.0161163 0.00581837 0.0700723
internal_weight=206.659 192.977 6.80558 186.171 167.006 42.8343
internal_count=5360 4473 210 4263 3783 814
is_linear=0
shrinkage=0.3


Tree=15
num_leaves=7
num_cat=0
split_feature=1 4 5 1 2 0
split_gain=1.7133 1.60612 2.64999 1.77271 2.51552 1.92518
threshold=0.65123046500000015 29.409382000000004 0.80936813000000007 0.91056108000000002 74.820550000000011 1112.6647500000001
decision_type=2 2 2 2 2 2
left_child=-1 3 -3 4 5 -2
right_child=1 2 -4 -5 -6 -7
leaf_value=-0.28383508046394351 -0.00086762053316627127 0.32817928412538322 -0.076522511978308075 0.13046428496750098 -0.12551347447860553 0.3352826485762942
leaf_weight=1.8960927834850725 169.42531710582261 3.4249203148647203 2.5332517374772578 8.6854018884478119 15.113170646422075 1.5473779449239362
leaf_count=242 4404 63 57 241 322 31
internal_value=-1.26588e-09 0.00268111 0.156111 -0.00201241 -0.00819565 0.00217469
internal_weight=202.626 200.729 5.95817 194.771 186.086 170.973
internal_count=5360 5118 120 4998 4757 4435
is_linear=0
shrinkage=0.3


Tree=16
num_leaves=7
num_cat=0
split_feature=0 0 1 3 0 1
split_gain=1.78441 3.42806 2.90353 5.01541 4.14739 4.12796
threshold=148.29885000000004 127.34951500000001 0.8325128650000001 0.72008942500000006 124.39900000000002 0.8783228500000001
decision_type=2 2 2 2 2 2
left_child=1 2 4 -4 -1 -5
right_child=-2 -3 3 5 -6 -7
leaf_value=-0.045290317961853288 0.032565397800175346 -0.18147302122757977 -0.36158006654352309 0.24518365331544223 0.3370865141142475 -0.065427185499526752
leaf_weight=77.446298745484455 85.549661416996969 11.327731168246826 1.9432493047788764 12.072527030757557 2.6399257603334254 5.6542702873339286
leaf_count=2936 1732 254 28 272 33 105
internal_value=5.70314e-10 -0.0250797 -0.00732065 0.0959532 -0.0326858 0.146109
internal_weight=196.634 111.084 99.7563 19.67 80.0862 17.7268
internal_count=5360 3628 3374 405 2969 377
is_linear=0
shrinkage=0.3


Tree=17
num_leaves=7
num_cat=0
split_feature=4 1 1 4 0 5
split_gain=1.64975 1.22946 1.02513 3.17071 4.33503 2.79877
threshold=2.5618188000000006 0.98533082500000013 0.8854595500000001 13.296030500000002 176.239405 0.80038785000000001
decision_type=2 2 2 2 2 2
left_child=-1 2 -2 -4 5 -5
right_child=1 -3 3 4 -6 -7
leaf_value=-0.13293186413942684 -0.00064399965736682701 -0.38764262467515814 0.26697599140746137 -0.46319965785231731 0.10020128268562903 0.033337419685880422
leaf_weight=8.0431038989918289 158.85999503562925 0.71148964884923671 5.4386392785781963 2.4769002954562884 10.824575159494996 1.7389246828388421
leaf_count=402 4478 21 134 37 236 52
internal_value=1.55971e-10 0.00593825 0.0074997 0.070672 -0.000311946 -0.25839
internal_weight=188.094 180.051 179.339 20.479 15.0404 4.21582
internal_count=5360 4958 4937 459 325 89
is_linear=0
shrinkage=0.3


end of trees

feature_importances:
Column_1=36
Column_0=18
Column_4=18
Column_5=18
Column_3=11
Column_2=7

parameters:
[boosting: gbdt]
[objective: lambdarank]
[metric: ndcg]
[tree_learner: serial]
[device_type: cpu]
[data_sample_strategy: bagging]
[data: ]
[valid: ]
[num_iterations: 500]
[learning_rate: 0.3]
[num_leaves: 7]
[num_threads: 0]
[seed: 0]
[deterministic: 0]
[force_col_wise: 0]
[force_row_wise: 0]
[histogram_pool_size: -1]
[max_depth: -1]
[min_data_in_leaf: 20]
[min_sum_hessian_in_leaf: 0.001]
[bagging_fraction: 1]
[pos_bagging_fraction: 1]
[neg_bagging_fraction: 1]
[bagging_freq: 0]
[bagging_seed: 3]
[bagging_by_query: 0]
[feature_fraction: 1]
[feature_fraction_bynode: 1]
[feature_fraction_seed: 2]
[extra_trees: 0]
[extra_seed: 6]
[early_stopping_round: 0]
[early_stopping_min_delta: 0]
[first_metric_only: 0]
[max_delta_step: 0]
[lambda_l1: 0]
[lambda_l2: 0]
[linear_lambda: 0]
[min_gain_to_split: 0]
[drop_rate: 0.1]
[max_drop: 50]
[skip_drop: 0.5]
[xgboost_dart_mode: 0]
[uniform_drop: 0]
[drop_seed: 4]
[top_rate: 0.2]
[other_rate: 0.1]
[min_data_per_group: 100]
[max_cat_threshold: 32]
[cat_l2: 10]
[cat_smooth: 10]
[max_cat_to_onehot: 4]
[top_k: 20]
[monotone_constraints: ]
[monotone_constraints_method: basic]
[monotone_penalty: 0]
[feature_contri: ]
[forcedsplits_filename: ]
[refit_decay_rate: 0.9]
[cegb_tradeoff: 1]
[cegb_penalty_split: 0]
[cegb_penalty_feature_lazy: ]
[cegb_penalty_feature_coupled: ]
[path_smooth: 0]
[interaction_constraints: ]
[verbosity: -1]
[saved_feature_importance_type: 0]
[use_quantized_grad: 0]
[num_grad_quant_bins: 4]
[quant_train_renew_leaf: 0]
[stochastic_rounding: 1]
[linear_tree: 0]
[max_bin: 255]
[max_bin_by_feature: ]
[min_data_in_bin: 3]
[bin_construct_sample_cnt: 200000]
[data_random_seed: 1]
[is_enable_sparse: 1]
[enable_bundle: 1]
[use_missing: 1]
[zero_as_missing: 0]
[feature_pre_filter: 1]
[pre_partition: 0]
[two_round: 0]
[header: 0]
[label_column: ]
[weight_column: ]
[group_column: ]
[ignore_column: ]
[categorical_feature: ]
[forcedbins_filename: ]
[precise_float_parser: 0]
[parser_config_file: ]
[objective_seed: 5]
[num_class: 1]
[is_unbalance: 0]
[scale_pos_weight: 1]
[sigmoid: 1]
[boost_from_average: 1]
[reg_sqrt: 0]
[alpha: 0.9]
[fair_c: 1]
[poisson_max_delta_step: 0.7]
[tweedie_variance_power: 1.5]
[lambdarank_truncation_level: 30]
[lambdarank_norm: 1]
[label_gain: ]
[lambdarank_position_bias_regularization: 0]
[eval_at: 1,3,5,10]
[multi_error_top_k: 1]
[auc_mu_weights: ]
[num_machines: 1]
[local_listen_port: 12400]
[time_out: 120]
[machine_list_filename: ]
[machines: ]
[gpu_platform_id: -1]
[gpu_device_id: -1]
[gpu_use_dp: 0]
[num_gpu: 1]

end of parameters

pandas_categorical:null
