tree
version=v4
num_class=1
num_tree_per_iteration=1
label_index=0
max_feature_idx=5
objective=lambdarank
feature_names=Column_0 Column_1 Column_2 Column_3 Column_4 Column_5
feature_infos=[0:4011.8434999999999] [0.5817909:0.99982594999999996] [0.0034895220000000001:196.74753000000001] [0.55143260000000005:0.93949649999999996] [0:51.31559] [0.52268099999999995:0.90888550000000001]
tree_sizes=878 871 874 873 879 879 876 880 875 880 881 879 881

Tree=0
num_leaves=7
num_cat=0
split_feature=1 1 1 1 3 4
split_gain=144.277 35.3521 20.0326 4.18214 5.80895 3.94806
threshold=0.79359138500000015 0.7122677500000002 0.85454369000000008 0.75102723000000016 0.6874233500000001 20.691996500000005
decision_type=2 2 2 2 2 2
left_child=1 -1 -2 4 -3 -5
right_child=2 3 -4 5 -6 -7
leaf_value=-0.28893308104873677 0.10408751827937729 0.033366948081059937 0.28912208304358411 -0.002707338782524446 -0.15914414117619269 -0.22077881334186708
leaf_weight=43.595804431475699 54.194511535286438 8.1526721743866783 41.193904945219401 38.663400840887334 27.145622730720788 3.6328582599526262
leaf_count=1159 1110 143 648 960 655 85
internal_value=-1.68942e-09 -0.144822 0.183996 -0.0638546 -0.114681 -0.0214377
internal_weight=216.579 121.19 95.3884 77.5946 35.2983 42.2963
internal_count=4760 3002 1758 1843 798 1045
is_linear=0
shrinkage=0.2


Tree=1
num_leaves=7
num_cat=0
split_feature=1 1 5 1 3 1
split_gain=115.986 32.196 47.184 19.136 11.0515 16.8767
threshold=0.8218340850000001 0.97480035000000009 0.80746962000000011 0.68810713000000001 0.79736173500000007 0.91337633000000007
decision_type=2 2 2 2 2 2
left_child=3 2 4 -1 -2 -6
right_child=1 -3 -4 -5 5 -7
leaf_value=-0.21425620785356642 0.13419350478251249 -0.23786166261009273 0.28076195214248972 -0.058793492972510623 -0.0020038068830339462 0.24806068389537306
leaf_weight=35.392399742500857 65.437093598535284 10.27445921115577 57.270236041164026 301.18996771331877 88.24153215251863 12.300355669111012
leaf_count=703 351 35 246 2869 499 57
internal_value=5.21117e-10 0.108302 0.124233 -0.0751408 0.0702236 0.0285892
internal_weight=570.106 233.524 223.249 336.582 165.979 100.542
internal_count=4760 1188 1153 3572 907 556
is_linear=0
shrinkage=0.2


Tree=2
num_leaves=7
num_cat=0
split_feature=1 1 4 3 5 5
split_gain=70.2523 18.5824 14.3444 8.524 15.9847 7.16764
threshold=0.83005705000000007 0.7122677500000002 21.057933000000002 0.82327365000000008 0.75746012000000007 0.7821196250000001
decision_type=2 2 2 2 2 2
left_child=1 -1 -2 5 -5 -3
right_child=2 3 -4 4 -6 -7
leaf_value=-0.1688100876623774 0.071292396490997417 -0.052612922078083435 0.20508191726471506 0.18242149460823967 -0.16070751724096682 0.078165673450956541
leaf_weight=46.358857148559764 94.126757130492479 233.05042919865809 48.609137701801956 17.822732334025208 7.8104729284532359 18.062687493860722
leaf_count=1159 760 2220 284 131 80 126
internal_value=6.9813e-10 -0.0516221 0.116855 -0.0319915 0.0778696 -0.043206
internal_weight=465.841 323.105 142.736 276.746 25.6332 251.113
internal_count=4760 3716 1044 2557 211 2346
is_linear=0
shrinkage=0.2


Tree=3
num_leaves=7
num_cat=0
split_feature=1 1 2 4 5 1
split_gain=50.9679 10.722 7.71801 11.1379 10.4719 8.5608
threshold=0.81873940000000012 0.7122677500000002 7.6084882000000009 7.1772617500000004 0.75863410000000009 0.94919847000000013
decision_type=2 2 2 2 2 2
left_child=1 -1 -2 4 -4 -5
right_child=2 -3 3 5 -6 -7
leaf_value=-0.14567812645464509 0.26413690158947867 -0.034863172986545732 0.074018715967210366 0.11735225909219293 -0.24714743375526244 -0.088291636270388926
leaf_weight=41.229430623119697 9.9646216910332424 228.41687385644764 8.8668427853845078 113.35841875243932 7.4923491887748233 8.7202472770586592
leaf_count=1159 47 2356 98 1004 29 67
internal_value=4.17431e-10 -0.051807 0.094133 0.0818962 -0.0730722 0.102663
internal_weight=418.049 269.646 148.402 138.438 16.3592 122.079
internal_count=4760 3515 1245 1198 127 1071
is_linear=0
shrinkage=0.2


Tree=4
num_leaves=7
num_cat=0
split_feature=1 1 3 4 0 1
split_gain=43.5432 8.57611 4.78707 4.5711 4.34594 7.61449
threshold=0.85454369000000008 0.7122677500000002 0.62988948500000019 15.250389500000002 44.525893000000003 0.72554960000000013
decision_type=2 2 2 2 2 2
left_child=1 2 -1 -2 5 -3
right_child=3 4 -4 -5 -6 -7
leaf_value=0.090888315281195273 0.067596933864619332 0.10484549363115024 -0.14818149151168641 0.17205567491251439 -0.0043207355039772914 -0.081319851925313477
leaf_weight=3.7310207905247799 25.26587092038244 9.9873858727514726 32.829822194762528 49.755757277365774 193.89665587223135 73.196716721344274
leaf_count=104 255 130 1055 393 2087 736
internal_value=1.32271e-10 -0.0327401 -0.123785 0.136876 -0.0207268 -0.0589682
internal_weight=388.663 313.642 36.5608 75.0216 277.081 83.1841
internal_count=4760 4112 1159 648 2953 866
is_linear=0
shrinkage=0.2


Tree=5
num_leaves=7
num_cat=0
split_feature=1 1 1 5 0 4
split_gain=29.4532 7.77572 6.78165 6.50427 9.18235 5.99219
threshold=0.80245697000000005 0.87046505000000007 0.94919847000000013 0.71481848500000011 120.97798000000002 4.8323407500000011
decision_type=2 2 2 2 2 2
left_child=3 -2 -3 4 -1 -5
right_child=1 2 -4 5 -6 -7
leaf_value=-0.045085150608697992 0.035531780796448052 0.16263173485120874 -0.05510886810878083 -0.14780529809042359 -0.16828683873983985 0.016750418870341583
leaf_weight=89.370754617673811 96.781779501063284 42.440989630413242 6.6131147376727304 10.174049484543501 33.182595669757575 68.095427434367593
leaf_count=1728 1100 396 72 98 526 840
internal_value=-1.83795e-10 0.06841 0.133278 -0.0496788 -0.0784433 -0.00463976
internal_weight=346.659 145.836 49.0541 200.823 122.553 78.2695
internal_count=4760 1568 468 3192 2254 938
is_linear=0
shrinkage=0.2


Tree=6
num_leaves=7
num_cat=0
split_feature=1 1 0 1 5 2
split_gain=22.5141 6.87142 5.12108 6.27373 6.82677 4.66373
threshold=0.79266560000000019 0.85454369000000008 122.67632500000001 0.91873775000000013 0.81304132000000007 27.721530500000004
decision_type=2 2 2 2 2 2
left_child=5 -2 -3 4 -4 -1
right_child=1 2 3 -5 -6 -7
leaf_value=-0.023005155337197492 0.019875885588481964 0.201603132319286 -0.031604239051125305 0.17423074885429241 0.20110320324107023 -0.092227110428268033
leaf_weight=88.908692480879836 95.711253891582601 16.297008760273457 23.748142546042804 15.543734907289034 6.4019803665578356 69.259774032863788
leaf_count=1637 1129 186 268 137 57 1346
internal_value=6.13274e-10 0.0534742 0.105348 0.0710186 0.0178081 -0.0533165
internal_weight=315.871 157.702 61.9909 45.6939 30.1501 158.168
internal_count=4760 1777 648 462 325 2983
is_linear=0
shrinkage=0.2


Tree=7
num_leaves=7
num_cat=0
split_feature=1 4 5 1 3 5
split_gain=17.0093 4.78051 5.36674 4.66439 5.20953 9.31679
threshold=0.79359138500000015 21.057933000000002 0.8055355500000001 0.71105300000000005 0.68643725000000011 0.72242247000000004
decision_type=2 2 2 2 2 2
left_child=3 -2 -3 -1 5 -5
right_child=1 2 -4 4 -6 -7
leaf_value=-0.12175571053296064 0.026621275494179249 0.043947058369244923 0.19512963243163006 0.14037818720468773 -0.049242064029579702 -0.19640266450760613
leaf_weight=27.954541964223608 108.65338368806988 21.909282268490642 16.439613130758516 14.717049200087787 99.401014613453299 4.2301489422097793
leaf_count=1140 1379 220 159 173 1644 45
internal_value=-8.41248e-10 0.0480482 0.108757 -0.0482779 -0.0309221 0.0651885
internal_weight=293.305 147.002 38.3489 146.303 118.348 18.9472
internal_count=4760 1758 379 3002 1862 218
is_linear=0
shrinkage=0.2


Tree=8
num_leaves=7
num_cat=0
split_feature=1 1 1 2 3 1
split_gain=14.7215 4.51605 4.62883 4.45916 5.25481 4.21821
threshold=0.78140497500000017 0.85308385000000009 0.96106327000000014 30.767770000000002 0.71373915500000018 0.91873775000000013
decision_type=2 2 2 2 2 2
left_child=3 -2 5 -1 -5 -3
right_child=1 2 -4 4 -6 -7
leaf_value=-0.02487610663132327 0.016175077277628767 0.074649345252818231 -0.10080097865828114 -0.23259810719610777 -0.066557342215464901 0.2179923744793634
leaf_weight=74.125194710562937 107.73522297566524 36.131424500374123 4.709351744328159 10.054836873197926 31.537030447216239 10.626966923242433
leaf_count=1665 1396 504 54 304 729 108
internal_value=9.85795e-11 0.0394572 0.0881927 -0.054285 -0.106698 0.107227
internal_weight=274.92 159.203 51.4677 115.717 41.5919 46.7584
internal_count=4760 2062 666 2698 1033 612
is_linear=0
shrinkage=0.2


Tree=9
num_leaves=7
num_cat=0
split_feature=1 1 4 0 0 0
split_gain=10.0694 4.20797 5.01535 9.81659 3.89005 3.77002
threshold=0.82080972500000005 0.71797372000000015 10.148780000000002 41.702293500000003 2.2823791500000001 29.738566500000005
decision_type=2 2 2 2 2 2
left_child=1 2 3 -1 -3 -2
right_child=5 4 -4 -5 -6 -7
leaf_value=0.049969692663011794 0.20354804158327419 -0.22511120016936972 -0.20610383848447805 -0.26154967340418966 -0.0085723964214941585 0.042677707052813867
leaf_weight=14.523635367862886 6.2606188801582894 3.402950561605393 10.732128847856073 5.6088288805913171 133.73697032546625 84.150036146020284
leaf_count=454 66 54 481 319 2245 1141
internal_value=-9.46945e-11 -0.0289615 -0.0956818 -0.0368184 -0.0139455 0.0538174
internal_weight=258.415 168.005 30.8646 20.1325 137.14 90.4107
internal_count=4760 3553 1254 773 2299 1207
is_linear=0
shrinkage=0.2


Tree=10
num_leaves=7
num_cat=0
split_feature=1 1 3 0 4 4
split_gain=7.28049 3.06675 3.4902 3.23999 3.21326 4.69159
threshold=0.82080972500000005 0.70624709000000008 0.66524290000000008 5.7723830000000005 14.799614500000002 20.691996500000005
decision_type=2 2 2 2 2 2
left_child=1 -1 -3 -4 -5 -6
right_child=-2 2 3 4 5 -7
leaf_value=-0.10278947483693977 0.046276639028757768 0.10045697199457614 -0.15473808217241181 -0.036697168804395039 0.084742662734382773 -0.0745493584606369
leaf_weight=18.219346669269726 87.549388800078304 9.6568307634443027 7.1814498016610733 88.661933082272299 23.791266043117503 10.732215779367833
leaf_count=1026 1207 128 148 1644 407 200
internal_value=4.18952e-10 -0.025603 -0.0155598 -0.0241536 -0.0165408 0.035224
internal_weight=245.792 158.243 140.024 130.367 123.185 34.5235
internal_count=4760 3553 2527 2399 2251 607
is_linear=0
shrinkage=0.2


Tree=11
num_leaves=7
num_cat=0
split_feature=1 3 1 1 3 1
split_gain=6.10705 4.14976 3.30806 4.66056 3.98535 3.64109
threshold=0.75486455000000008 0.62236737000000009 0.89175081500000009 0.94919847000000013 0.87531447500000004 0.75679325000000019
decision_type=2 2 2 2 2 2
left_child=1 -1 4 -4 5 -2
right_child=2 -3 3 -5 -6 -7
leaf_value=0.16375289998011328 0.22552760855530329 -0.066523167974257433 0.14567183399763922 -0.070548512225289822 -0.1830171037243544 0.0096143375166369872
leaf_weight=3.3082306068390599 3.1932920538820317 58.199954280396923 16.242549628950659 5.2850030349800354 4.2118625161238006 144.29985047207447
leaf_count=88 57 1964 216 72 54 2309
internal_value=8.68624e-11 -0.0541377 0.0192222 0.0925899 0.00881105 0.014289
internal_weight=234.741 61.5082 173.233 21.5276 151.705 147.493
internal_count=4760 2052 2708 288 2420 2366
is_linear=0
shrinkage=0.2


Tree=12
num_leaves=7
num_cat=0
split_feature=3 1 3 0 5 4
split_gain=5.28212 6.05454 5.08028 4.12987 3.9618 3.84403
threshold=0.73399652000000015 0.72917056000000013 0.71870420000000013 374.41282000000007 0.69150078000000004 16.943743000000001
decision_type=2 2 2 2 2 2
left_child=2 -2 3 -1 -3 -6
right_child=1 4 -4 -5 5 -7
leaf_value=-0.0028227064277354889 -0.15687054944072362 0.11450728529875734 -0.13446882785249872 -0.3150009346737162 -0.011052654655435121 0.059596311938673402
leaf_weight=50.947174919536337 7.3180242418311527 19.095700830905116 18.732758260215633 1.7534207347780455 77.883017679181648 50.96472850831924
leaf_count=1459 347 408 418 43 1299 786
internal_value=2.36482e-11 0.0207077 -0.0450085 -0.0132093 0.0294916 0.016892
internal_weight=226.695 155.261 71.4334 52.7006 147.943 128.848
internal_count=4760 2840 1920 1502 2493 2085
is_linear=0
shrinkage=0.2


end of trees

feature_importances:
Column_1=37
Column_3=11
Column_4=10
Column_5=9
Column_0=8
Column_2=3

parameters:
[boosting: gbdt]
[objective: lambdarank]
[metric: ndcg]
[tree_learner: serial]
[device_type: cpu]
[data_sample_strategy: bagging]
[data: ]
[valid: ]
[num_iterations: 500]
[learning_rate: 0.2]
[num_leaves: 7]
[num_threads: 0]
[seed: 0]
[deterministic: 0]
[force_col_wise: 0]
[force_row_wise: 0]
[histogram_pool_size: -1]
[max_depth: -1]
[min_data_in_leaf: 50]
[min_sum_hessian_in_leaf: 0.001]
[bagging_fraction: 1]
[pos_bagging_fraction: 1]
[neg_bagging_fraction: 1]
[bagging_freq: 0]
[bagging_seed: 3]
[bagging_by_query: 0]
[feature_fraction: 1]
[feature_fraction_bynode: 1]
[feature_fraction_seed: 2]
[extra_trees: 0]
[extra_seed: 6]
[early_stopping_round: 0]
[early_stopping_min_delta: 0]
[first_metric_only: 0]
[max_delta_step: 0]
[lambda_l1: 0]
[lambda_l2: 0]
[linear_lambda: 0]
[min_gain_to_split: 0]
[drop_rate: 0.1]
[max_drop: 50]
[skip_drop: 0.5]
[xgboost_dart_mode: 0]
[uniform_drop: 0]
[drop_seed: 4]
[top_rate: 0.2]
[other_rate: 0.1]
[min_data_per_group: 100]
[max_cat_threshold: 32]
[cat_l2: 10]
[cat_smooth: 10]
[max_cat_to_onehot: 4]
[top_k: 20]
[monotone_constraints: ]
[monotone_constraints_method: basic]
[monotone_penalty: 0]
[feature_contri: ]
[forcedsplits_filename: ]
[refit_decay_rate: 0.9]
[cegb_tradeoff: 1]
[cegb_penalty_split: 0]
[cegb_penalty_feature_lazy: ]
[cegb_penalty_feature_coupled: ]
[path_smooth: 0]
[interaction_constraints: ]
[verbosity: -1]
[saved_feature_importance_type: 0]
[use_quantized_grad: 0]
[num_grad_quant_bins: 4]
[quant_train_renew_leaf: 0]
[stochastic_rounding: 1]
[linear_tree: 0]
[max_bin: 255]
[max_bin_by_feature: ]
[min_data_in_bin: 3]
[bin_construct_sample_cnt: 200000]
[data_random_seed: 1]
[is_enable_sparse: 1]
[enable_bundle: 1]
[use_missing: 1]
[zero_as_missing: 0]
[feature_pre_filter: 1]
[pre_partition: 0]
[two_round: 0]
[header: 0]
[label_column: ]
[weight_column: ]
[group_column: ]
[ignore_column: ]
[categorical_feature: ]
[forcedbins_filename: ]
[precise_float_parser: 0]
[parser_config_file: ]
[objective_seed: 5]
[num_class: 1]
[is_unbalance: 0]
[scale_pos_weight: 1]
[sigmoid: 1]
[boost_from_average: 1]
[reg_sqrt: 0]
[alpha: 0.9]
[fair_c: 1]
[poisson_max_delta_step: 0.7]
[tweedie_variance_power: 1.5]
[lambdarank_truncation_level: 30]
[lambdarank_norm: 1]
[label_gain: ]
[lambdarank_position_bias_regularization: 0]
[eval_at: 1,3,5,10]
[multi_error_top_k: 1]
[auc_mu_weights: ]
[num_machines: 1]
[local_listen_port: 12400]
[time_out: 120]
[machine_list_filename: ]
[machines: ]
[gpu_platform_id: -1]
[gpu_device_id: -1]
[gpu_use_dp: 0]
[num_gpu: 1]

end of parameters

pandas_categorical:null
