tree
version=v4
num_class=1
num_tree_per_iteration=1
label_index=0
max_feature_idx=5
objective=lambdarank
feature_names=Column_0 Column_1 Column_2 Column_3 Column_4 Column_5
feature_infos=[0:4011.8434999999999] [0.56016754999999996:0.99982594999999996] [0.0034895220000000001:196.74753000000001] [0.56639240000000002:0.93949649999999996] [0:51.31559] [0.51500296999999995:0.90888550000000001]
tree_sizes=3361 3365 3364 3333 3366 3352 3368

Tree=0
num_leaves=31
num_cat=0
split_feature=1 1 1 1 1 0 3 3 1 0 3 0 5 3 5 0 5 4 3 4 0 4 3 5 5 2 0 4 2 4
split_gain=128.707 36.5852 10.1991 7.25903 7.59347 6.18469 7.27323 5.20653 5.25654 4.01863 5.416 5.3819 3.86111 3.38 5.29813 4.40404 4.13431 3.3253 3.3501 3.48584 3.13432 3.63396 3.25112 3.07665 2.93606 3.66726 2.30299 2.27447 2.21502 2.13079
threshold=0.73208058000000009 0.82099270000000013 0.71147548000000016 0.96932913000000009 0.88137113500000008 32.827858000000006 0.71525025500000006 0.68065773000000007 0.77219595000000008 201.19104000000002 0.78258837000000014 90.857610000000008 0.69368458500000008 0.76570128000000015 0.67086493500000011 13.551412250000002 0.7091336250000001 4.3909008500000004 0.75667297000000011 8.3249697500000028 79.422905000000014 2.4200865000000005 0.76888120500000012 0.73995887000000005 0.73043860000000016 10.629720000000001 8.274614500000002 19.486527500000005 49.273691000000007 13.316607750000001
decision_type=2 2 2 2 2 2 2 2 2 2 2 2 2 2 2 2 2 2 2 2 2 2 2 2 2 2 2 2 2 2
left_child=2 7 23 4 20 6 26 12 13 11 27 24 -2 16 -15 -16 29 -18 19 -19 -3 -22 -23 -1 -10 -26 -4 -11 -13 -9
right_child=1 3 5 -5 -6 -7 -8 8 9 10 -12 28 -14 14 15 -17 17 18 -20 -21 21 22 -24 -25 25 -27 -28 -29 -30 -31
leaf_value=-0.15983631222647854 0.15574613556821254 0.1309980947016042 -0.045643059101151497 -0.063411618468208364 0.16347742262949749 -0.11871026432940462 -0.11547122469246163 -0.06524535484123202 0.042225216457773475 0.049789052558982444 -0.097008356092062542 0.10751367422496105 0.016645176602266287 0.16104291018443137 0.15039093739181786 -0.048307991052914091 0.15531885137869292 -0.12920086463608835 -0.18493410760413179 0.043145326472619053 -0.1087204438609552 0.13155156336273749 0.058684663103949763 -0.026473493669806794 0.10831887657195904 -0.058852946054527192 0.12351007192411473 -0.11826627111780619 0.020238847244321109 -0.16227869687673124
leaf_weight=39.789182627238915 3.8141798172146073 12.159272053570019 1.0428595850244189 2.5126037290319791 18.679208812594879 8.5240709558711369 3.0008160925935954 12.888589763082566 10.293262582621539 6.7355885715223831 6.0349185056984425 10.717822993639855 4.1850200465414673 2.0426903888583174 1.3159428732469658 7.3224341805325821 1.2316189054399709 1.5106979184783993 1.0804812619462607 5.2585712682921439 1.0812408151105035 8.2857482349500078 23.459564814111218 1.8084773123264302 1.5469832712551568 8.6481271352386084 3.5271545954747126 0.91469710133969773 3.9908595664892337 2.7450777092017224
leaf_count=1101 63 171 32 36 306 225 89 297 229 146 142 212 65 57 22 213 29 41 27 123 10 137 510 20 38 190 53 27 95 54
internal_value=-3.11158e-10 0.046562 -0.127885 0.103302 0.109882 -0.0602901 0.00548578 0.00587019 -0.00144779 0.0198039 -0.0261784 0.0376826 0.0829713 -0.0307966 0.0162095 -0.0180388 -0.0511111 0.00255194 -0.0214171 0.00468282 0.0876278 0.071563 0.0777034 -0.154038 0.00455063 -0.0334867 0.08491 0.0296957 0.0838337 -0.0822832
internal_weight=216.148 158.455 57.6926 66.1776 63.665 16.0949 7.57083 92.2776 84.2784 48.8823 13.6852 35.1971 7.9992 35.3961 10.6811 8.63838 24.715 9.08137 7.84975 6.76927 44.9858 32.8266 31.7453 41.5977 20.4884 10.1951 4.57001 7.65029 14.7087 15.6337
internal_count=4760 3240 1520 1170 1134 399 174 2070 1942 1079 315 764 128 863 292 235 571 220 191 164 828 657 647 1121 457 228 85 173 307 351
is_linear=0
shrinkage=0.1


Tree=1
num_leaves=31
num_cat=0
split_feature=1 1 1 5 5 3 5 3 2 1 5 1 5 1 5 4 2 0 5 0 0 5 0 1 1 0 0 4 3 1
split_gain=156.465 60.7826 32.0864 19.7398 10.2581 12.7926 13.0507 13.4036 14.8158 12.5242 11.5248 9.89129 9.7963 9.20152 15.4648 9.62578 13.7381 9.04341 9.04091 18.6102 8.89893 8.85632 7.92385 18.132 16.1565 13.0478 8.52751 8.91934 6.91855 11.5076
threshold=0.81924870000000016 0.72289705000000015 0.86036315000000008 0.71701480000000017 0.69561433500000003 0.75600898500000013 0.68256103500000009 0.69006168500000009 11.490791500000002 0.7816975100000001 0.64936767500000014 0.73875820000000003 0.70988012500000008 0.8486939750000001 0.78967321000000013 13.997313500000002 13.006259500000001 216.25082500000005 0.7246121000000002 280.28096000000005 397.76674000000008 0.76840543000000017 57.637096000000007 0.96932913000000009 0.92146252500000003 429.26797500000004 122.03383000000001 10.917239500000003 0.62096143000000015 0.68765725000000011
decision_type=2 2 2 2 2 2 2 2 2 2 2 2 2 2 2 2 2 2 2 2 2 2 2 2 2 2 2 2 2 2
left_child=1 28 13 -4 5 6 7 8 -3 10 -7 -6 -13 15 17 18 -17 -15 19 -2 -18 -19 -5 24 25 26 27 -24 29 -1
right_child=2 4 3 22 11 9 -8 -9 -10 -11 -12 12 -14 14 -16 16 20 21 -20 -21 -22 -23 23 -25 -26 -27 -28 -29 -30 -31
leaf_value=-0.15931495065422283 0.099138433433069703 -0.088292182358053001 -0.081157200079606098 0.18769626238196935 -0.13330876234784403 0.11227031969770485 0.065110378772087793 -0.084059769078462895 0.083481291655529311 0.14026446126749958 -0.060827258415035994 -0.090265272163289917 -0.017969717377575033 -0.11611537898787988 0.096703229870196028 -0.15164644390782747 0.052705499567807713 0.083308041955225717 0.098644436396158164 -0.12491803388358463 -0.063205948268272791 -0.099954877901969552 0.016418461506078934 -0.10155231691912542 0.16518551910207865 0.14871186289037952 0.025534742921977122 0.17063292051879231 -0.12733803368972021 0.16458339393367674
leaf_weight=2.2061028163880101 8.9216259764507395 8.0537695102393645 5.9996638279408208 10.501428717747329 10.033255849033592 6.1991920694708886 14.484781514853237 31.06783886346966 13.335617604665456 11.744414472021161 10.134372077882288 22.605509152170271 109.69393295061309 13.586006383411588 8.2333785966038686 4.9472578987479201 28.484696413041092 6.2832021526992303 34.079143011011183 6.3425867818295947 8.6302235219627601 4.5440215775743127 5.9721635729074505 4.4239431582391253 31.240738609805703 19.481286711990833 35.763971121050417 10.081478757318107 77.67054741224274 2.1816222919151187
leaf_count=49 77 42 36 29 127 49 118 315 53 97 135 214 1073 63 44 16 172 51 153 30 39 22 22 36 106 85 164 62 1260 21
internal_value=-8.90372e-11 -0.0462457 0.0596784 0.0957685 -0.0205962 0.00484748 -0.0189157 -0.0421175 0.0188032 0.0615024 0.00486968 -0.0375822 -0.0303226 0.0237591 -0.0218126 0.0400356 0.00488764 -0.0617821 0.0699971 0.00603847 0.025753 0.00639537 0.104805 0.0966671 0.105219 0.0789438 0.0527139 0.113263 -0.120437 0.00173066
internal_weight=566.928 319.411 247.517 123.465 237.353 95.02 66.942 52.4572 21.3894 28.078 16.3336 142.333 132.299 124.052 32.6466 91.4055 42.0622 24.4132 49.3434 15.2642 37.1149 10.8272 117.465 106.964 102.54 71.2989 51.8176 16.0536 82.0583 4.38773
internal_count=4760 3553 1207 540 2223 809 528 410 95 281 184 1414 1287 667 180 487 227 136 260 107 211 73 504 475 439 333 248 84 1330 70
is_linear=0
shrinkage=0.1


Tree=2
num_leaves=31
num_cat=0
split_feature=1 1 1 3 3 0 4 1 4 0 5 3 0 1 5 4 1 3 2 4 0 3 3 0 1 2 3 2 5 0
split_gain=115.878 45.6197 13.0033 11.9878 11.8817 9.48218 8.05271 7.55576 9.54714 6.23057 7.52056 11.5622 7.03679 6.07424 11.4286 6.22865 5.5858 6.56322 5.46664 6.88162 9.50999 7.3513 7.95194 5.80482 5.51584 7.08754 5.46602 5.35231 8.16587 6.39095
threshold=0.82099270000000013 0.73208058000000009 0.88137113500000008 0.68282079500000015 0.87379930000000006 26.320541000000002 8.5976040000000022 0.95211600000000007 22.894492000000003 572.26767500000017 0.65471065000000006 0.75600898500000013 201.19104000000002 0.78954361500000014 0.7805762300000002 1.2508652000000002 0.68765725000000011 0.62096143000000015 15.829632500000001 20.691996500000005 292.30255000000005 0.82060670000000013 0.81347667500000009 327.76963500000005 0.86036315000000008 22.225215000000002 0.72602738500000019 26.053027000000004 0.75857520000000012 100.10734000000001
decision_type=2 2 2 2 2 2 2 2 2 2 2 2 2 2 2 2 2 2 2 2 2 2 2 2 2 2 2 2 2 2
left_child=1 16 4 5 18 -3 -4 -8 -9 10 11 -5 13 15 -15 -12 -1 -18 26 21 -21 22 24 -23 25 -20 -2 -27 29 -29
right_child=2 3 6 9 -6 -7 7 8 -10 -11 12 -13 -14 14 -16 -17 17 -19 19 20 -22 23 -24 -25 -26 27 -28 28 -30 -31
leaf_value=-0.128774612570252 -0.0021529949203258404 -0.083069296990180216 -0.034896887722405838 -0.045570348901840925 -0.087943023401205397 0.086948606675344209 0.1249981803201099 0.10456215491211984 -0.096620874824028785 0.0742124385273642 0.07758245455072238 0.10633397078226892 -0.08256783462821185 0.02709138801779595 -0.11672180626400097 -0.046568035601090407 0.079614799982803824 -0.085807985065381329 -0.14345926104099688 0.1265041446572148 -0.040688906027067075 0.034725209377650217 -0.1175577709063638 0.14617164738414745 0.12836098060196779 0.11664935055844006 0.11559169517413388 -0.15397075291052811 0.056783128103630766 -0.0078852661286107992
leaf_weight=36.531167554669082 4.9192673079669502 3.9968072185292867 4.1728711836040011 9.7699112296104449 6.5308148339390746 18.299321777187288 49.226267358288169 6.3747767470777017 3.7442411966621876 6.5600891215726724 4.2704155799001446 10.286285202950237 23.927775998599827 38.082433384843171 6.4636735916137686 75.246623799204826 2.5182491280138484 50.406689683441073 3.0409505800344041 15.627026757225396 4.3488342668861142 14.302898568683306 5.1306323148310176 6.9420606885105363 3.8606723500415674 4.5554275810718563 19.859402323141694 4.3644808195531395 12.875845649279652 9.5417415746487659
leaf_count=665 32 34 18 121 39 107 256 46 22 79 29 83 300 350 55 912 23 832 40 85 42 129 44 43 50 33 85 23 78 105
internal_value=-5.2162e-10 -0.0394811 0.0630136 -0.0125782 0.0430839 0.0564712 0.0993789 0.10882 0.0301204 -0.0213954 -0.0251276 0.0323373 -0.0329155 -0.0233391 0.00622399 -0.0399006 -0.0986975 -0.0779369 0.050908 0.0388078 0.0901055 0.022949 -0.000658561 0.0711418 0.0150261 0.00229866 0.092216 0.0164428 -0.000601551 -0.0537343
internal_weight=465.778 286.359 179.418 196.903 115.9 22.2961 63.5182 59.3453 10.119 174.607 168.047 20.0562 147.991 124.063 44.5461 79.517 89.4561 52.9249 109.369 84.5906 19.9759 64.6147 43.3698 21.245 38.2391 34.3784 24.7787 31.3375 26.7821 13.9062
internal_count=4760 3590 1170 2070 828 141 342 324 68 1929 1850 204 1646 1346 405 941 1520 855 789 672 127 545 373 172 329 279 117 239 206 128
is_linear=0
shrinkage=0.1


Tree=3
num_leaves=31
num_cat=0
split_feature=1 1 1 1 0 2 1 0 0 1 3 2 3 4 3 4 1 0 5 1 0 4 4 0 0 1 0 4 3 0
split_gain=94.7417 40.1945 8.34181 10.4202 7.66003 8.3272 6.85294 7.65944 15.9491 9.00496 6.40636 5.83827 5.42663 7.76752 5.94164 5.22356 5.69818 5.22082 5.93881 5.67709 6.9412 5.15815 4.99267 4.81138 4.6571 4.58843 9.36924 8.53812 8.17339 4.45169
threshold=0.82193290000000008 0.71914327000000011 0.86036315000000008 0.96932913000000009 2.3388735000000005 58.893572000000006 0.92146252500000003 122.03383000000001 181.89261500000003 0.8906598 0.83789957500000012 8.0494150000000015 0.68065773000000007 9.9373850000000008 0.74311460000000007 4.7977778000000013 0.82649815000000015 549.01797500000009 0.68457721500000013 0.7816975100000001 83.211785000000006 5.6516493000000017 2.0091332000000004 20.761988500000005 11.522916 0.83510030000000013 94.314547000000019 10.586111000000001 0.8491280000000001 149.39156000000003
decision_type=2 2 2 2 2 2 2 2 2 2 2 2 2 2 2 2 2 2 2 2 2 2 2 2 2 2 2 2 2 2
left_child=1 -1 11 6 -3 12 7 -4 9 10 -9 -2 13 29 24 -13 -17 18 19 20 -16 -18 -20 -23 -14 26 -25 -28 -27 -6
right_child=2 4 3 -5 5 -7 -8 8 -10 -11 -12 15 14 -15 17 16 21 -19 22 -21 -22 23 -24 25 -26 28 27 -29 -30 -31
leaf_value=-0.10702258167192887 0.11886837682401319 -0.15228482466943238 0.12588888330776457 -0.086117665230853666 0.10797140928473213 -0.076220826695392985 0.14317194238331266 0.10016363150473549 0.095354585254074864 -0.14603504037438209 -0.085359219251817622 -0.1199763043571207 0.02948610076444352 -0.054520662534576353 0.053188440653108848 0.12211517286256897 0.17022196788649613 0.132661448362343 0.079880522806693832 0.10305374573021094 -0.09748493570876457 0.15080595821823503 -0.023744573695473028 -0.13095602156372974 -0.045912484145205941 0.051932673499923199 -0.12709529787833251 0.063685553998839295 -0.10137432016048072 -0.026681420283421981
leaf_weight=62.026491873897612 7.9655974507331839 3.9692226108163586 19.292237439192832 3.418264487758278 12.019849699921908 18.261395094916224 19.689388306811452 4.627981221303342 24.648084167391062 5.0563758425414562 3.1134987156838179 2.2955824218224725 9.6132706245407444 5.9387859255075446 9.0797739825211483 6.5209009973332277 2.296514891088008 3.0903271660208693 5.0526817832142106 9.5034336615353805 4.6097064623609176 2.5693178903311482 58.261870009708218 6.0678366508800563 55.409099315525964 28.758472915040329 3.0573214236646882 10.079774666577576 3.955957048572599 3.0855012126266947
leaf_count=1254 34 50 116 36 81 275 108 41 197 23 19 32 84 48 116 62 9 37 22 79 66 18 746 34 723 277 19 83 44 27
internal_value=1.63751e-10 -0.0367815 0.0623174 0.0847003 -0.0147658 -0.0119511 0.0923402 0.0747005 0.0483281 -0.0422429 0.0255493 0.0380243 -0.00526984 0.0423723 -0.011754 0.0282079 0.0335813 0.00494545 0.00038302 0.043674 0.00245167 0.0234146 -0.015475 0.0172272 -0.0347651 0.0106168 -0.0281831 0.0192862 0.0333942 0.0804665
internal_weight=413.335 259.921 153.413 79.8458 197.895 193.926 76.4276 56.7382 37.4459 12.7979 7.74148 73.5673 175.664 21.0441 154.62 65.6017 63.3061 89.5978 86.5075 23.1929 13.6895 56.7852 63.3146 54.4887 65.0224 51.9194 19.2049 13.1371 32.7144 15.1054
internal_count=4760 3608 1152 540 2354 2304 504 396 280 83 60 612 2029 156 1873 578 546 1066 1029 261 182 484 768 475 807 457 136 102 321 108
is_linear=0
shrinkage=0.1


Tree=4
num_leaves=31
num_cat=0
split_feature=1 1 1 1 5 3 0 4 3 1 4 2 0 0 4 3 5 3 5 3 1 5 4 4 2 3 5 5 5 0
split_gain=75.0337 29.8531 8.87049 8.07872 6.35285 5.76159 6.05878 5.33753 4.51083 4.24257 3.97146 4.02903 5.27405 3.98906 3.93377 3.84047 3.65113 4.31663 6.66129 3.55058 5.70153 3.45418 3.11367 4.66027 2.70364 5.54908 5.75456 3.38721 3.36827 2.6972
threshold=0.82099270000000013 0.71914327000000011 0.88137113500000008 0.96932913000000009 0.65544606500000013 0.75600898500000013 95.350880000000004 8.3249697500000028 0.65325487000000015 0.78954361500000014 14.382708000000003 45.481519500000005 168.34802000000002 616.72453500000017 9.9373850000000008 0.84391093500000014 0.60148168000000013 0.6839963200000001 0.62750125000000012 0.62096143000000015 0.68765725000000011 0.73995887000000005 20.926423000000003 19.908446500000004 74.333310000000012 0.78418493000000011 0.71701480000000017 0.79857111000000003 0.70491622500000017 130.42406500000001
decision_type=2 2 2 2 2 2 2 2 2 2 2 2 2 2 2 2 2 2 2 2 2 2 2 2 2 2 2 2 2 2
left_child=1 19 7 14 5 6 16 29 -6 -10 11 -11 -13 15 -4 -12 -3 -18 -19 20 -1 -21 23 24 25 26 -9 -28 -27 -2
right_child=2 4 3 -5 8 -7 -8 22 9 10 13 12 -14 -15 -16 -17 17 18 -20 21 -22 -23 -24 -25 -26 28 27 -29 -30 -31
leaf_value=-0.12727810744789428 0.11935073512917348 -0.064538096593885305 0.025967153037318599 -0.065685953958337942 0.10001180356537027 0.093557520010021461 -0.087070125794025538 -0.099212956147182549 -0.03714932287691363 -0.0026332869184645187 -0.075580981604619873 0.12567857361967236 -0.034590684837920764 0.068129748513076571 0.11664442749352605 0.073488803534229319 0.13534600185110704 0.13473462997708877 -0.08618582064999003 -0.10854335108314486 0.13288665837278252 0.043819603037639113 0.063044531354626218 -0.12099659104356097 0.079504810522042293 0.12731190876850934 0.089807843686260103 -0.030436966580897062 -0.031515596353999691 0.045487283426777186
leaf_weight=1.6978631718084209 11.065107283182444 2.8561772573739352 5.468134341761469 2.9495663214474908 2.9639935232698909 9.3524809014052135 5.8408310525119296 2.254621647065508 97.199053750373423 26.764918000437319 14.611870861612266 6.3176521798595768 3.041878916323185 2.9572974964976302 38.252161153126508 1.9600775558501471 4.5893909465521556 2.3190635871142149 3.3170779962092638 50.977723148651421 1.6717515001073477 1.5326774735003699 18.452741283923388 2.3961819858523077 6.9733510958030811 1.4250683728605533 14.64006947912276 2.7889379784464827 21.179546525119804 8.9363357555121166
leaf_count=49 67 20 35 36 30 96 84 37 1368 286 195 46 52 34 271 12 23 26 64 1154 20 31 149 23 60 25 110 20 244 93
internal_value=1.5527e-10 -0.0336925 0.0591106 0.0944967 -0.0142602 0.0293485 -0.00238685 0.0407838 -0.0221735 -0.0245428 -0.00252567 0.0171156 0.0735905 -0.0388574 0.105303 -0.0579495 0.0354232 0.0633443 0.00471477 -0.0977108 0.00179625 -0.104096 0.0277846 0.0151893 0.0218137 0.0123004 0.0511196 0.0705666 -0.0215026 0.0863497
internal_weight=376.754 239.972 136.782 46.6699 184.092 28.275 18.9225 90.112 155.817 152.853 55.6537 36.1244 9.35953 19.5292 43.7203 16.5719 13.0817 10.2255 5.63614 55.88 3.36961 52.5104 70.1105 51.6578 49.2616 42.2882 19.6836 17.429 22.6046 20.0014
internal_count=4760 3590 1170 342 2336 313 217 828 2023 1993 625 384 98 241 306 207 133 113 90 1254 69 1185 668 519 496 436 167 130 269 160
is_linear=0
shrinkage=0.1


Tree=5
num_leaves=31
num_cat=0
split_feature=1 1 1 1 5 2 5 3 0 1 0 1 3 1 4 0 0 2 0 1 3 3 4 5 0 3 1 1 5 0
split_gain=59.4272 22.6428 6.94477 5.92229 4.66269 4.44027 3.98431 3.95468 3.90673 3.67349 4.87501 3.56412 5.54218 5.3472 3.40619 3.198 5.28124 3.28853 3.03446 4.09212 3.59892 5.30028 2.93884 2.82356 3.91739 2.99653 4.60774 2.73613 3.34789 5.49944
threshold=0.81924870000000016 0.72188985500000002 0.8634328750000001 0.96932913000000009 0.65544606500000013 51.687725000000007 0.81956340000000016 0.75600898500000013 95.350880000000004 0.92146252500000003 72.176372500000014 0.74355685000000016 0.65325487000000015 0.72538257000000017 4.7977778000000013 572.26767500000017 239.12307000000001 43.586436500000012 442.74308000000002 0.86720550500000015 0.74698460000000011 0.79417979500000013 24.7760335 0.73597240000000008 62.142330000000008 0.62096143000000015 0.68765725000000011 0.82649815000000015 0.79857111000000003 292.30255000000005
decision_type=2 2 2 2 2 2 2 2 2 2 2 2 2 2 2 2 2 2 2 2 2 2 2 2 2 2 2 2 2 2
left_child=1 23 6 9 5 7 27 8 -3 10 -4 13 -13 14 -6 16 -14 -17 19 -12 -21 -22 -20 25 -25 26 -1 -2 29 -29
right_child=2 4 3 -5 11 -7 -8 -9 -10 -11 18 12 15 -15 -16 17 -18 -19 22 20 21 -23 -24 24 -26 -27 -28 28 -30 -31
leaf_value=-0.12091029762744193 0.081078449500700422 0.039578591322352967 0.13941448213027283 -0.069087556978243744 0.12345394676955801 -0.11342399754462684 -0.070411387460534797 0.098794006953988989 -0.077244259848267383 0.12531376185253146 0.121402165681539 0.1315240291939653 -0.013106846995832597 -0.083955355631207165 -0.063930725484465795 0.12707022670402227 -0.082200411155243847 -0.022863767152644886 0.13302335876022062 -0.12394348370708375 0.14417245015953076 0.00088184455626825944 0.0083454542126572204 -0.10769986228886277 0.16693418485872122 -0.098638376912725423 0.12480452408126319 0.03711998078147976 0.097175664217855992 -0.044430589467029949
leaf_weight=1.5075714970007532 11.927514712326227 11.312432213686412 7.9695184666197738 2.601533578708767 2.318096922710541 2.0745090097188941 3.5941671710461369 7.5039599221199742 3.8323483234271398 16.314162622205913 4.2676123706623939 2.5651341537013641 98.332603155635297 16.579580429941416 1.6681402511894701 3.0400944259017697 12.465045397635548 2.8196244370192289 7.0411158222705108 1.7415577284991766 3.1522563807666328 14.255861609242855 2.5845630504190922 1.0651033967733377 1.0136990677565334 48.86517830635421 1.5456075333058832 37.980328227742575 6.2402138374745837 10.570725256577132
leaf_count=49 125 120 48 36 15 35 31 76 64 108 29 21 1282 297 40 39 217 36 64 10 33 156 20 31 9 1201 21 358 50 139
internal_value=3.60312e-10 -0.0318695 0.0534682 0.0784807 -0.0134271 0.0266045 0.0321499 0.0394304 0.0100169 0.0851775 0.0692119 -0.0205071 -0.0138753 -0.0589528 0.0450382 -0.0170724 -0.0208801 0.0549238 0.05228 0.0328511 0.0131169 0.0268289 0.0995465 -0.0880575 0.0262216 -0.0926332 0.00347765 0.037675 0.0282264 0.0193645
internal_weight=348.75 218.509 130.241 59.9282 164.512 24.7232 70.3129 22.6487 15.1448 57.3266 41.0125 139.788 119.223 20.5658 3.98624 116.657 110.798 5.85972 33.043 23.4173 19.1497 17.4081 9.62568 53.9972 2.0788 51.9184 3.05318 66.7188 54.7913 48.5511
internal_count=4760 3553 1207 504 2242 295 703 260 184 468 360 1947 1595 352 55 1574 1499 75 312 228 199 189 84 1311 40 1271 70 672 547 497
is_linear=0
shrinkage=0.1


Tree=6
num_leaves=31
num_cat=0
split_feature=1 1 1 5 1 5 3 0 3 1 0 0 2 2 5 1 5 3 2 0 3 5 5 1 0 5 2 0 3 4
split_gain=44.9622 13.6112 10.5595 4.54034 4.4638 3.73325 3.90409 5.05048 4.69367 3.31612 4.29483 5.61468 3.25185 4.608 4.00373 5.52712 4.51533 2.89237 3.24104 3.56967 2.8786 3.11589 3.64068 2.77593 3.55028 2.57908 4.73932 4.4401 3.86978 5.8348
threshold=0.78954361500000014 0.72188985500000002 0.86036315000000008 0.73995887000000005 0.96932913000000009 0.65544606500000013 0.66251076500000006 95.350880000000004 0.80496550000000011 0.92146252500000003 122.03383000000001 147.93430500000002 15.829632500000001 19.308210000000006 0.76508224000000014 0.82843648000000003 0.70117603500000014 0.87379930000000006 102.59833550000002 51.491823000000004 0.6839963200000001 0.63172400000000006 0.60795130000000008 0.80223465000000005 29.772090500000004 0.73414170000000012 15.829632500000001 3.1849629500000005 0.70717347000000019 10.028273000000002
decision_type=2 2 2 2 2 2 2 2 2 2 2 2 2 2 2 2 2 2 2 2 2 2 2 2 2 2 2 2 2 2
left_child=1 3 12 -1 9 6 -3 20 -9 10 -4 -12 14 -14 16 -16 -2 18 19 23 -8 22 -22 -15 -25 28 -27 -28 29 -7
right_child=2 5 4 -5 -6 25 7 8 -10 -11 11 -13 13 17 15 -17 -18 -19 -20 -21 21 -23 -24 24 -26 26 27 -29 -30 -31
leaf_value=-0.08850784048212279 -0.032180777049804446 -0.095800967110829693 0.10839709972577299 0.061767052190235594 -0.064798057655676658 0.042176136326448441 0.15212197270325942 -0.092574342705778218 0.11941415678037506 0.11812887614351622 -0.081007592176310039 0.056214283931742708 -0.080990242499636642 0.037769659180107544 -0.13019434079359971 0.059398711681569606 0.10110175275879554 -0.10011576465491352 -0.12208988961988546 0.029142348124021829 -0.014095306721316451 -0.023581849092317114 0.15133754728923485 0.019049417029559753 -0.11940326979756924 -0.075656441895479348 -0.15456100819988861 0.033568563061901216 -0.054806731725095176 -0.091633732657027345
leaf_weight=47.207195165799931 3.1137975156307283 2.6182838976383236 13.333356331102548 2.0999920163303605 2.3398876916617146 11.124517079442738 3.1643536896444884 4.4577747522853306 1.3640436902642248 14.056226809043435 3.4025783599354353 24.111734782345593 5.3180305226705959 3.9532616157084686 2.5558433979749671 3.8597023598849773 13.837140472489407 2.1308794822543851 1.6226187385618676 70.364730974310078 2.1070937067270261 4.1390269724652171 3.6082819830626249 3.0452738674357533 4.7268956666812301 6.6784604636486646 1.3420653529465223 19.232244025915861 43.996603435836732 4.6088143400847903
leaf_count=1279 25 23 116 32 36 128 13 84 8 108 47 233 78 41 30 29 115 23 17 853 24 79 32 37 46 94 15 292 758 65
internal_value=-8.90283e-11 -0.0385457 0.0353989 -0.0821076 0.070469 -0.0187386 0.0186173 0.0345181 -0.0429057 0.0762338 0.0618171 0.0392446 0.01787 0.00933903 0.0511527 -0.0161319 0.0766185 0.0149349 0.0178635 0.0206299 0.069141 0.042495 0.0903472 -0.0304537 -0.0651551 -0.0279543 -0.00246216 0.0212968 -0.0395856 0.00297879
internal_weight=329.521 157.749 171.772 49.3072 57.2438 108.442 21.4589 18.8406 5.82182 54.9039 40.8477 27.5143 114.528 91.1617 23.3665 6.41555 16.9509 85.8437 83.7128 82.0902 13.0188 9.8544 5.71538 11.7254 7.77217 86.9827 27.2528 20.5743 59.7299 15.7333
internal_count=4760 2926 1834 1311 540 1615 263 240 92 504 396 280 1294 1095 199 59 140 1017 994 977 148 135 56 124 83 1352 401 307 951 193
is_linear=0
shrinkage=0.1


end of trees

feature_importances:
Column_1=54
Column_0=44
Column_3=36
Column_5=35
Column_4=24
Column_2=17

parameters:
[boosting: gbdt]
[objective: lambdarank]
[metric: ndcg]
[tree_learner: serial]
[device_type: cpu]
[data_sample_strategy: bagging]
[data: ]
[valid: ]
[num_iterations: 100]
[learning_rate: 0.1]
[num_leaves: 31]
[num_threads: 0]
[seed: 0]
[deterministic: 0]
[force_col_wise: 0]
[force_row_wise: 0]
[histogram_pool_size: -1]
[max_depth: -1]
[min_data_in_leaf: 20]
[min_sum_hessian_in_leaf: 0.001]
[bagging_fraction: 1]
[pos_bagging_fraction: 1]
[neg_bagging_fraction: 1]
[bagging_freq: 0]
[bagging_seed: 3]
[bagging_by_query: 0]
[feature_fraction: 1]
[feature_fraction_bynode: 1]
[feature_fraction_seed: 2]
[extra_trees: 0]
[extra_seed: 6]
[early_stopping_round: 0]
[early_stopping_min_delta: 0]
[first_metric_only: 0]
[max_delta_step: 0]
[lambda_l1: 0]
[lambda_l2: 0]
[linear_lambda: 0]
[min_gain_to_split: 0]
[drop_rate: 0.1]
[max_drop: 50]
[skip_drop: 0.5]
[xgboost_dart_mode: 0]
[uniform_drop: 0]
[drop_seed: 4]
[top_rate: 0.2]
[other_rate: 0.1]
[min_data_per_group: 100]
[max_cat_threshold: 32]
[cat_l2: 10]
[cat_smooth: 10]
[max_cat_to_onehot: 4]
[top_k: 20]
[monotone_constraints: ]
[monotone_constraints_method: basic]
[monotone_penalty: 0]
[feature_contri: ]
[forcedsplits_filename: ]
[refit_decay_rate: 0.9]
[cegb_tradeoff: 1]
[cegb_penalty_split: 0]
[cegb_penalty_feature_lazy: ]
[cegb_penalty_feature_coupled: ]
[path_smooth: 0]
[interaction_constraints: ]
[verbosity: -1]
[saved_feature_importance_type: 0]
[use_quantized_grad: 0]
[num_grad_quant_bins: 4]
[quant_train_renew_leaf: 0]
[stochastic_rounding: 1]
[linear_tree: 0]
[max_bin: 255]
[max_bin_by_feature: ]
[min_data_in_bin: 3]
[bin_construct_sample_cnt: 200000]
[data_random_seed: 1]
[is_enable_sparse: 1]
[enable_bundle: 1]
[use_missing: 1]
[zero_as_missing: 0]
[feature_pre_filter: 1]
[pre_partition: 0]
[two_round: 0]
[header: 0]
[label_column: ]
[weight_column: ]
[group_column: ]
[ignore_column: ]
[categorical_feature: ]
[forcedbins_filename: ]
[precise_float_parser: 0]
[parser_config_file: ]
[objective_seed: 5]
[num_class: 1]
[is_unbalance: 0]
[scale_pos_weight: 1]
[sigmoid: 1]
[boost_from_average: 1]
[reg_sqrt: 0]
[alpha: 0.9]
[fair_c: 1]
[poisson_max_delta_step: 0.7]
[tweedie_variance_power: 1.5]
[lambdarank_truncation_level: 30]
[lambdarank_norm: 1]
[label_gain: ]
[lambdarank_position_bias_regularization: 0]
[eval_at: 1,3,5,10]
[multi_error_top_k: 1]
[auc_mu_weights: ]
[num_machines: 1]
[local_listen_port: 12400]
[time_out: 120]
[machine_list_filename: ]
[machines: ]
[gpu_platform_id: -1]
[gpu_device_id: -1]
[gpu_use_dp: 0]
[num_gpu: 1]

end of parameters

pandas_categorical:null
