tree
version=v4
num_class=1
num_tree_per_iteration=1
label_index=0
max_feature_idx=5
objective=lambdarank
feature_names=Column_0 Column_1 Column_2 Column_3 Column_4 Column_5
feature_infos=[0.030901247999999999:4011.8434999999999] [0.56016754999999996:0.99982594999999996] [0.0034895220000000001:196.74753000000001] [0.55143260000000005:0.93949649999999996] [0:52.403267] [0.51500296999999995:0.90888550000000001]
tree_sizes=3351 3360 3345 3348 3372 3379 3366 3375 3371 3379

Tree=0
num_leaves=31
num_cat=0
split_feature=1 1 1 1 2 3 1 4 5 0 0 3 4 0 4 3 2 3 2 3 5 0 0 3 2 0 1 0 0 3
split_gain=120.15 33.7479 27.3224 14.3494 7.25879 5.40209 5.03549 4.40947 6.61983 4.15701 4.75492 5.32583 3.64561 4.13007 3.71473 3.7147 3.59183 3.86875 3.37642 3.3032 3.27769 3.25454 3.83409 3.15912 2.9266 2.8873 2.86889 3.43992 2.86251 2.73971
threshold=0.76884235000000012 0.71275758500000008 0.85451187000000017 0.97910667500000015 23.033237500000002 0.71738648500000013 0.82084179000000013 12.408784000000002 0.72576415000000016 94.129675000000006 52.267431000000009 0.76589775000000004 15.458881000000002 133.83171000000002 16.440774000000001 0.77325735000000007 69.321994500000017 0.81036937000000009 30.702394500000004 0.73032534000000016 0.80473315000000001 70.784735000000012 87.777200000000008 0.74685645000000012 19.893705000000001 0.42008151000000005 0.89256657500000014 157.36294500000002 212.17760500000003 0.76941537500000012
decision_type=2 2 2 2 2 2 2 2 2 2 2 2 2 2 2 2 2 2 2 2 2 2 2 2 2 2 2 2 2 2
left_child=1 25 6 26 5 7 16 -3 -9 10 11 -6 13 -8 -14 28 23 -18 -17 -7 -16 -12 -23 -2 -21 -1 27 -4 -15 -29
right_child=2 4 3 -5 9 19 12 8 -10 -11 21 -13 14 15 20 18 17 -19 -20 24 -22 22 -24 -25 -26 -27 -28 29 -30 -31
leaf_value=0.025132567118207483 -0.017835355078086541 0.072543234300384535 0.14893974183205311 -0.19298899279549356 -0.12657084097814236 -0.12391522355859758 0.14337261790066669 -0.18029460016554286 0.14372107655633951 -0.11789064124634162 0.075658620010163075 0.025341118214131344 -0.13266027240598968 0.092479309389276634 0.0098126260909070697 -0.051984125798385752 -0.15307054401551695 0.039118045321032364 0.12308829979789669 -0.039456379014801812 0.14019405222436895 -0.13573657018902094 0.068653423241146677 0.0372424731863394 0.11086355170420809 -0.1562408090650288 0.16247523298513888 0.1647544846891863 -0.12122969618589008 0.041541911358147783
leaf_weight=0.89726936863735218 15.669412627932614 11.796833715285176 11.452494163298981 1.3596973619423796 7.8892888708505833 3.6693875157507128 8.1881996639422194 1.8110898947343224 0.96732331160455931 10.405802392400799 4.4774553382303548 3.2620719657279551 1.4056850252673019 0.9411907140165553 8.2836740104248729 1.3881471802014855 2.6156201923731706 1.7469657863257451 5.3363700720947236 6.5322326362947916 2.5130801287014028 2.1983745889738207 1.5755661055445669 31.048913052247372 1.6154958282131699 40.235392862756271 21.869968057551887 2.3306479426100832 1.8761010020971296 7.9963185195811093
leaf_count=14 361 244 212 18 172 69 127 40 20 247 90 88 28 24 156 33 55 44 98 167 42 56 26 680 54 1107 288 26 36 140
internal_value=-3.13403e-10 -0.0834555 0.064457 0.126926 -0.0330807 0.00511299 0.0297507 0.04585 -0.0674864 -0.0668972 -0.0395492 -0.0821325 0.0623194 0.0912717 0.0202521 0.0465619 0.0106661 -0.07611 0.086948 -0.0451321 0.0401605 0.0180001 -0.0504067 0.0187693 -0.0096516 -0.152284 0.136891 0.111201 -0.0498346 0.0693492
internal_weight=223.356 97.3336 126.022 45.0091 56.2009 26.3924 81.0134 14.5752 2.77841 29.8086 19.4028 11.1514 29.9324 17.73 12.2024 9.54181 51.0809 4.36259 6.72452 11.8171 10.7968 8.2514 3.77394 46.7183 8.14773 41.1327 43.6494 21.7795 2.81729 10.327
internal_count=4762 2394 2368 684 1273 594 1684 304 60 679 432 260 544 318 226 191 1140 99 131 290 198 172 82 1041 221 1121 666 378 60 166
is_linear=0
shrinkage=0.1


Tree=1
num_leaves=31
num_cat=0
split_feature=1 1 4 1 3 1 2 0 1 3 3 1 3 4 3 5 2 5 5 1 4 4 0 5 2 3 3 0 5 0
split_gain=224.562 48.2118 27.1564 19.8014 16.2745 13.9379 12.7132 16.7646 21.9687 21.7804 15.1569 10.7583 9.46003 17.52 11.6207 9.44817 8.476 8.3307 7.43877 9.38079 7.76729 7.65701 6.65802 6.43507 6.91574 6.33657 6.27533 5.769 5.69837 5.67637
threshold=0.82209539500000017 0.71275758500000008 19.395039500000006 0.97243262500000016 0.63133192000000016 0.86061443000000015 19.093738500000004 159.33748000000003 0.86796807500000017 0.86781180000000002 0.73105860000000011 0.83212615000000012 0.7951712700000001 5.7742772500000008 0.80144370000000009 0.73930038500000006 58.575308000000007 0.73424540000000016 0.73563515000000013 0.87672150000000004 8.7445562500000023 12.570011000000003 34.686031500000006 0.76753400000000005 12.953703000000003 0.66529857500000011 0.82864545000000012 19.240896500000002 0.79041887500000008 18.743934500000005
decision_type=2 2 2 2 2 2 2 2 2 2 2 2 2 2 2 2 2 2 2 2 2 2 2 2 2 2 2 2 2 2
left_child=1 -1 6 5 -3 22 10 16 9 11 -2 -9 23 -14 -15 -10 18 -13 19 -8 -20 26 -4 25 -25 27 -22 -6 -16 -27
right_child=2 4 3 -5 12 -7 7 8 15 -11 -12 17 13 14 28 -17 -18 -19 20 -21 21 -23 -24 24 -26 29 -28 -29 -30 -31
leaf_value=-0.12511565185080203 -0.013706092623593104 0.1329431817697577 0.19491222592810892 -0.048770250537531028 -0.081530516088763078 0.14956982405081595 0.13886555662897598 -0.081341767802341022 0.011025880351461181 -0.19452984317521479 0.14115716913500084 -0.022990762576991709 0.11353073006164532 0.076739579019988818 -0.033769156190637216 0.14910123726172972 -0.11045902984324026 0.10919125216968587 -0.1104569502894083 -0.060084239300323465 0.014969574196350442 -0.033990482716617164 0.028187936395541999 -0.11491675797152866 0.02841428611508386 -0.020411699955461909 0.17733140591622795 0.056119782636252113 -0.13771996418074653 -0.065821002329515169
leaf_weight=71.053907331079245 8.4798950385302287 5.8003793098032466 2.8095827475190189 6.8050533179193726 4.4529098831117144 67.895322641124949 7.6255838768556696 5.8078780318610397 6.0857764258980742 4.5707217659801236 24.811928214505315 6.7146324189379838 10.961018231697379 8.713189675472675 30.781665466027334 26.691234835190699 7.2861590310931197 16.446603511460125 7.0937918573617926 3.4387960992753506 6.3636602293699998 17.008560952730477 16.241269159829244 4.0740999877452877 19.377879904583097 34.067725667264313 3.8031911496073008 9.6278066616505367 6.3636564575135699 143.41356525709853
leaf_count=1121 38 30 17 24 28 228 77 46 31 14 97 69 67 58 288 113 39 108 25 15 36 92 119 30 140 299 21 63 46 1383
internal_value=-2.64675e-11 -0.0516134 0.0731645 0.115504 -0.0328022 0.128361 0.0470893 0.0317999 0.0652426 0.00834488 0.101711 0.0403543 -0.0363389 -4.9534e-05 -0.0271973 0.123464 -0.010348 0.0708706 0.00574215 0.0770322 -0.017275 0.00704892 0.0527761 -0.0459287 0.00351468 -0.0519818 0.0757055 0.012589 -0.0515778 -0.0571046
internal_weight=594.667 348.688 245.98 93.7512 277.634 86.9462 152.228 118.937 66.3168 33.5398 33.2918 28.9691 271.834 56.8195 45.8585 32.777 52.6197 23.1612 45.3336 11.0644 34.2692 27.1754 19.0509 215.014 23.452 191.562 10.1669 14.0807 37.1453 177.481
internal_count=4762 3553 1209 388 2432 364 821 686 381 237 135 223 2402 459 392 144 305 177 266 92 174 149 136 1943 170 1773 57 91 334 1682
is_linear=0
shrinkage=0.1


Tree=2
num_leaves=31
num_cat=0
split_feature=1 1 1 1 3 1 2 2 0 5 5 2 3 2 1 2 4 2 5 3 5 3 5 2 4 0 2 2 3 5
split_gain=158.825 38.2124 20.876 21.6547 11.851 12.3935 8.2583 9.8695 10.8708 7.52264 14.9741 12.2881 5.53663 5.52975 5.52532 8.79704 6.53324 5.22814 5.94797 9.51705 7.37621 7.70702 5.13575 5.40506 5.00637 4.84299 5.6214 6.27269 4.75674 4.66601
threshold=0.82084179000000013 0.71898949500000009 0.97243262500000016 0.8634328750000001 0.62096143000000015 0.68798817000000012 6.6830122500000009 9.4694065000000016 46.892097500000013 0.79651653500000019 0.78359592000000011 38.603745000000011 0.85366477000000007 101.06312000000001 0.92004075000000018 36.70185750000001 21.057933000000002 67.666467000000026 0.6562829 0.75609457500000021 0.67718875500000009 0.78454686500000015 0.6000355500000002 27.427433500000003 4.002310650000001 58.294913500000007 18.630735000000005 22.234430500000006 0.64017952000000011 0.62845207500000011
decision_type=2 2 2 2 2 2 2 2 2 2 2 2 2 2 2 2 2 2 2 2 2 2 2 2 2 2 2 2 2 2
left_child=1 4 3 6 5 -1 -2 -8 -9 10 14 -12 17 25 15 -5 -17 18 19 22 21 -20 -3 -24 -25 -10 -27 -28 -22 -6
right_child=2 12 -4 9 29 -7 7 8 13 -11 11 -13 -14 -15 -16 16 -18 -19 20 -21 28 -23 23 24 -26 26 27 -29 -30 -31
leaf_value=-0.10025126284990704 0.15141425295375877 -0.17296299620136241 -0.090185930733240813 0.12971252116354862 -0.15390411381464508 0.19379818553338996 -0.12925893549397469 0.14087445662325845 -0.099385157776179123 0.13683738995139391 -0.16734586097588386 0.090622366506356092 0.092217399734402183 0.14721764786236985 0.16499238030549043 0.066608031102569951 -0.080560475061639339 -0.090656691376462942 -0.10968828224754024 0.11982252332507677 0.10944281719032059 0.053667036814453055 0.042282658867240697 0.079202375510054032 -0.12533851439851901 0.098853851426632486 -0.12067526313780262 0.021702020090261578 -0.024656893189773897 -0.099793654111384883
leaf_weight=3.2291626073420039 6.193230425938963 1.8692726846784413 7.8451495757326475 18.997296004556119 24.246152080129832 2.5773972719907761 3.642180696129798 9.2608076166361553 3.2872732393443576 47.570673573296517 4.040457457304 3.4005932528525591 3.9543272107839575 3.540342215448617 11.076308995485304 11.698570456705054 4.0644974149763575 12.243380707688628 18.543618669733409 7.0997946443967512 2.6918472107499829 3.4209621381014577 11.432538472115995 1.6069405693560828 4.6865882370620966 8.8736957646906358 3.2984783267602316 50.006150773959234 152.55341897159815 46.497090194374323
leaf_count=51 18 21 36 116 418 15 12 61 18 222 13 33 35 16 27 113 16 159 211 77 16 39 122 19 54 54 27 446 1546 751
internal_value=-6.48361e-10 -0.0462085 0.0696553 0.0762919 -0.107067 0.0302705 0.0400723 0.0316536 0.0391417 0.107934 0.0821261 -0.0494532 -0.0250426 0.0254889 0.103486 0.0838877 0.0286607 -0.0271878 -0.0233768 0.0206278 -0.0300058 -0.0842458 -0.0153125 0.00131228 -0.0731126 0.0189058 0.0251597 0.0128917 -0.0223317 -0.118339
internal_weight=493.448 296.652 196.796 188.951 76.5498 5.80656 88.1022 81.9089 78.2667 100.848 53.2777 7.44105 220.103 69.0059 45.8367 34.7604 15.7631 216.148 203.905 26.6951 177.21 21.9646 19.5953 17.7261 6.29353 65.4656 62.1783 53.3046 155.245 70.7432
internal_count=4762 3534 1228 1192 1235 66 652 634 622 540 318 46 2299 561 272 245 129 2264 2105 293 1812 250 216 195 73 545 527 473 1562 1169
is_linear=0
shrinkage=0.1


Tree=3
num_leaves=31
num_cat=0
split_feature=1 1 1 1 4 3 0 1 3 0 4 4 4 2 0 4 4 3 4 4 2 4 4 0 5 2 4 2 5 1
split_gain=106.541 31.0413 14.3942 20.2727 16.3589 12.2079 9.88548 9.1299 6.08529 6.48582 5.90895 5.57645 5.55106 9.17177 5.4187 5.89543 5.24783 7.1961 5.6347 5.55093 6.71022 5.22477 5.16803 5.08197 4.1926 6.52757 5.42235 4.14661 3.70017 6.82604
threshold=0.82084179000000013 0.71898949500000009 0.89099550000000016 0.95292640000000006 23.536672500000005 0.62096143000000015 181.14718000000002 0.68798817000000012 0.76941537500000012 192.65120500000003 5.9271336500000009 13.393247500000001 2.9565901500000007 10.479838500000001 281.42578000000003 16.657757000000004 7.9305320000000004 0.73638343000000017 15.895354000000003 19.774477000000005 16.180415000000004 10.304108000000001 1.9903650500000003 3.5841808500000005 0.65976465000000017 56.532030000000013 3.5818087500000004 50.018835000000003 0.70166194500000012 0.72614657500000013
decision_type=2 2 2 2 2 2 2 2 2 2 2 2 2 2 2 2 2 2 2 2 2 2 2 2 2 2 2 2 2 2
left_child=1 5 6 21 -5 7 16 -1 14 -10 -11 -12 13 -3 -8 -16 -2 18 -18 20 -19 -4 -15 -14 25 27 -26 -25 -28 -30
right_child=2 12 3 4 -6 -7 8 -9 9 10 11 -13 23 22 15 -17 17 19 -20 -21 -22 -23 -24 24 26 -27 28 -29 29 -31
leaf_value=-0.077434745413216766 0.13139618416707463 -0.10031392354936351 0.036151986838412913 0.10688548985067969 -0.11115237426069696 -0.11404502829534316 0.13707268433475939 0.17893794927827866 -0.18581432488306768 -0.1599348539194968 0.072969666761016475 -0.017677076040650119 -0.1328406022410358 0.0093188088646428465 -0.088177031768388411 0.10461344906295106 0.049671773963493114 0.12674805437932937 -0.16761318726605717 0.11912051210175063 0.017721393190247677 0.14168468204602933 0.12188485497457878 0.015223368227550322 -0.14760249655279256 -0.16232932162307706 -0.053134403269028019 0.15422893222107215 0.11581784727505653 -0.02192519522338841
leaf_weight=3.0155821135267606 10.400611075223422 4.3611932080239084 5.2653447836637488 6.5722000245004875 7.2226836159825325 58.195884026121348 5.9082201989367586 2.5753428377211094 2.051077999174594 2.2504531741142264 9.3812297862023097 24.538075780496001 4.3532488308846942 8.5682133436203021 3.3158177435398102 3.0406881459057331 2.2947210706770411 7.3319749571383026 2.4868771284818649 13.598007434979079 24.536212769104168 43.030559819657356 7.783768509514629 20.13232744298876 3.7979275323450556 1.9137129122391332 38.934920906787738 2.4020367525517932 3.7226386647671452 107.22833597427234
leaf_count=51 94 55 30 44 28 1169 29 15 9 18 99 192 57 103 31 12 24 28 20 104 244 222 56 232 41 27 508 12 31 1177
internal_value=2.60752e-10 -0.0396268 0.0610754 0.0996408 -0.00727412 -0.100485 0.0395288 0.040658 0.00683981 -0.0128271 -0.0030175 0.00739354 -0.0205225 0.0285365 0.0681282 0.00404592 0.0667401 0.0533572 -0.0633367 0.0656297 0.0428054 0.130179 0.0629018 -0.026091 -0.0234822 0.0149825 -0.0296012 0.0300406 -0.0266112 -0.0173036
internal_weight=440.21 266.985 173.225 62.0908 13.7949 63.7868 111.134 5.59092 50.4856 38.2208 36.1698 33.9193 203.198 20.7132 12.2647 6.35651 60.6484 50.2478 4.7816 45.4662 31.8682 48.2959 16.352 182.485 178.132 24.4481 153.684 22.5344 149.886 110.951
internal_count=4762 3534 1228 324 72 1235 904 66 390 318 309 291 2299 214 72 43 514 420 44 376 272 252 159 2085 2028 271 1757 244 1716 1208
is_linear=0
shrinkage=0.1


Tree=4
num_leaves=31
num_cat=0
split_feature=1 1 1 1 0 2 3 1 2 0 3 2 2 3 4 1 5 3 5 3 5 2 4 3 3 1 3 2 4 3
split_gain=90.6062 22.8418 10.0147 13.3449 7.33906 5.21203 4.91079 7.4873 4.19358 4.64522 4.80403 4.08505 3.91276 3.86743 6.36342 5.88425 7.2186 7.18728 4.41885 5.3338 4.42518 6.15101 6.06506 7.49144 4.89218 4.67484 4.55119 4.32114 4.88233 3.6667
threshold=0.82209539500000017 0.7145658800000001 0.89256657500000014 0.97243262500000016 29.265269000000004 101.06312000000001 0.62096143000000015 0.68798817000000012 51.717082000000005 403.06739500000003 0.82044100000000009 66.820892500000014 6.6830122500000009 0.66529857500000011 9.394143500000002 0.72957253000000011 0.69733633000000006 0.70395541500000014 0.64973449500000013 0.75609457500000021 0.73319567000000008 12.393293000000002 12.030895000000003 0.75780271500000007 0.74793578500000002 0.79326595000000011 0.70895910500000014 27.427433500000003 9.3292160000000006 0.76134193000000006
decision_type=2 2 2 2 2 2 2 2 2 2 2 2 2 2 2 2 2 2 2 2 2 2 2 2 2 2 2 2 2 2
left_child=1 6 4 -4 -2 8 7 -1 9 12 -11 -10 -6 14 -3 16 -15 -18 19 27 25 -22 24 26 -23 -20 -24 28 -17 -26
right_child=2 13 3 -5 5 -7 -8 -9 11 10 -12 -13 -14 15 -16 18 17 -19 20 -21 21 22 23 -25 29 -27 -28 -29 -30 -31
leaf_value=-0.10025870605912356 0.12848432134510535 0.076272048070327489 0.11548591815972097 -0.060697718301021247 0.13762595586557383 0.1257231771544973 -0.10293803222988746 0.16973838916960521 -0.060619744376853649 -0.063620047371315158 0.078369022351717277 0.026086600066204009 0.045598099887292159 -0.12414741220471739 -0.094919602199617231 -0.030099336471472844 0.11288457711263163 -0.079264799352934151 -0.052940138764031343 0.10772482122709265 -0.091702480011097376 -0.030739203982665737 -0.072205214682929703 -0.05578717613967496 0.15394201841668867 0.0036808101714124256 0.070248447271441944 -0.093113314808050643 0.19422004292944484 0.044800534906726176
leaf_weight=2.5410460298880926 9.2243254324421269 8.9534432180225831 45.212547523900867 4.7509227879345408 5.1720921583473674 5.8727233298122874 49.73113367264159 1.7238731477409599 9.0145282251760381 7.2678796984255296 3.5451580109074712 13.679034840315579 43.283057115972042 12.089784377254547 2.8664908800274125 2.5978914406150562 3.2511863838881236 4.8514349013566971 60.259545891545713 5.9321404937654725 7.3464114204980424 7.276232203468683 2.8786439364776006 23.455037883948535 3.757807936519387 19.23683792562224 10.152419729623942 3.8833321630954742 1.5486795175820587 17.020188491325825
leaf_count=51 52 80 270 36 15 32 1096 12 103 63 23 116 499 184 34 50 20 69 863 57 95 62 20 287 30 228 103 50 12 150
internal_value=-2.76211e-10 -0.0364738 0.0623567 0.098733 0.0436311 0.0347199 -0.0941065 0.00887367 0.0281994 0.0421961 -0.0170676 -0.00835562 0.0554211 -0.0207058 0.0347558 -0.0242391 -0.0751993 -0.00216463 -0.0180157 0.0358141 -0.0229804 -0.00500097 0.00486798 -0.0220125 0.0398276 -0.0392388 0.0387795 -0.0173103 0.0536804 0.0645393
internal_weight=398.376 251.354 147.022 49.9635 97.0588 87.8345 53.9961 4.26492 81.9618 59.2682 10.813 22.6936 48.4551 197.358 11.8199 185.538 20.1924 8.10262 165.345 13.962 151.383 71.8867 64.5403 36.4861 28.0542 79.4964 13.0311 8.0299 4.14657 20.778
internal_count=4762 3553 1209 306 903 851 1159 63 819 600 86 219 514 2394 114 2280 273 89 2007 169 1838 747 652 410 242 1091 123 112 62 180
is_linear=0
shrinkage=0.1


Tree=5
num_leaves=31
num_cat=0
split_feature=1 1 1 1 2 5 4 3 0 3 4 0 0 2 1 2 1 2 4 3 1 5 1 5 5 1 2 2 0 5
split_gain=67.7405 18.7504 9.2462 5.80314 4.69297 5.35721 4.35668 5.14587 4.86504 4.82254 3.93001 3.76542 4.27879 4.6594 7.07558 4.47809 3.95385 5.69932 4.64999 3.56798 4.03525 4.32224 3.28951 3.10713 3.03069 3.01904 4.53944 4.38268 5.13316 3.30651
threshold=0.82209539500000017 0.71275758500000008 0.8634328750000001 0.97243262500000016 15.974465250000002 0.80168475000000006 2.9565901500000007 0.7951712700000001 4.5052372000000007 0.68750585000000008 5.4431293000000007 3.5841808500000005 18.743934500000005 29.041425500000003 0.72614657500000013 13.477267000000001 0.78187417000000015 29.449944500000004 20.146664500000004 0.74905968000000012 0.91165925000000014 0.80830860000000004 0.77813911500000021 0.70609772000000015 0.78511370000000014 0.78469550500000007 22.409741000000004 38.282905500000005 113.23321000000001 0.71752512000000013
decision_type=2 2 2 2 2 2 2 2 2 2 2 2 2 2 2 2 2 2 2 2 2 2 2 2 2 2 2 2 2 2
left_child=1 -1 4 19 -2 10 7 8 -3 -10 -6 -8 13 14 -13 -16 17 24 25 -4 21 -21 -19 -12 -14 26 -18 29 -29 -27
right_child=2 6 3 -5 5 -7 11 -9 9 -11 23 12 16 -15 15 -17 18 22 -20 20 -22 -23 -24 -25 -26 27 -28 28 -30 -31
leaf_value=-0.089308216348339867 0.081669769508549636 0.14790305561809575 -0.0070704569821078674 -0.032717726328677747 -0.12130188121233183 0.084368535559110641 -0.1237207605811545 0.13703858320459281 0.083273021834456173 -0.053733539078655801 0.087967733750704047 0.10151343583822743 -0.023742055518733717 0.080878197127407001 -0.11158002536962669 0.0053080522211444081 0.17734471138795038 -0.064083538199747367 -0.080038218850569512 0.050237421657530638 0.12598792591770394 0.1217167375762836 -0.17189073095512858 -0.0015777543377629077 0.11502308888881703 0.011201832632991753 -0.0058992012836871655 0.098355075870791439 -0.010881493543572155 -0.056543344407879351
leaf_weight=47.11598893487826 13.434592023491858 1.9988564588129545 3.6974287815392008 4.2090006908401838 2.4943616657983503 9.2634037621319276 3.6890636980533591 3.4579082792624822 3.4361834824085227 10.182264635805039 4.3408283656463018 4.1491153854876819 36.640561340842396 7.7454199427738777 6.0438284128904325 7.1609848719090223 2.314981563948094 31.550482020364143 8.2476294385269266 25.644372855662368 24.201656455174088 12.623949238564817 3.1092435447499147 36.109844518359751 1.6445572394877661 11.682331570656972 3.2495628464967012 7.0323497820645597 11.078902743058277 18.797001035301946
leaf_count=1121 82 14 39 36 30 74 65 21 41 154 61 42 555 81 63 92 16 499 102 256 159 86 39 386 17 130 44 66 163 228
internal_value=-2.63752e-10 -0.033045 0.0559565 0.0811368 0.0289604 0.0153969 -0.018576 0.0266585 0.00221864 -0.0191643 0.000519492 -0.0238329 -0.0215362 0.0163856 -0.0123988 -0.0481915 -0.0285686 -0.044377 -0.0100895 0.0883793 0.0940287 0.073817 -0.0737547 0.00803152 -0.0177813 0.000563389 0.0703346 -0.00742674 0.0315336 -0.0305775
internal_weight=366.347 230.327 136.019 70.3764 65.643 52.2084 183.211 19.0752 15.6173 13.6184 42.945 164.136 160.447 25.0993 17.3539 13.2048 135.348 72.9448 62.4028 66.1674 62.47 38.2683 34.6597 40.4507 38.2851 54.1551 5.56454 48.5906 18.1113 30.4793
internal_count=4762 3553 1209 576 633 551 2432 230 209 195 477 2202 2137 278 197 155 1859 1110 749 540 501 342 538 447 572 647 60 587 229 358
is_linear=0
shrinkage=0.1


Tree=6
num_leaves=31
num_cat=0
split_feature=1 1 1 1 2 5 3 4 1 1 1 0 2 5 5 2 5 5 2 1 0 1 5 4 2 4 5 3 0 4
split_gain=50.5954 15.9535 7.7315 7.1694 3.83349 3.57544 3.50582 4.46702 3.8806 8.79213 4.60982 4.08992 4.04756 6.24635 3.5725 5.44399 3.5539 3.26054 3.5952 3.91175 3.89809 3.21521 4.30708 3.02519 4.67175 2.9447 3.8461 3.50026 4.36847 4.96563
threshold=0.82209539500000017 0.71275758500000008 0.8634328750000001 0.97243262500000016 15.974465250000002 0.79940915500000009 0.66529857500000011 9.394143500000002 0.75576973000000003 0.76085805000000006 0.76214349000000003 16.307993500000006 50.94236750000001 0.68507992000000006 0.73319567000000008 49.140394500000006 0.67246401000000011 0.65528750000000013 25.677613000000004 0.81150030000000017 4.5052372000000007 0.91165925000000014 0.80830860000000004 20.146664500000004 31.014673000000005 17.418420000000005 0.62845207500000011 0.62096143000000015 27.679510000000004 5.9271336500000009
decision_type=2 2 2 2 2 2 2 2 2 2 2 2 2 2 2 2 2 2 2 2 2 2 2 2 2 2 2 2 2 2
left_child=1 25 4 21 -2 -6 7 -3 11 14 -11 12 13 -8 15 16 -10 -12 19 20 -19 22 -4 -20 -25 26 -1 -28 -29 -30
right_child=2 6 3 -5 5 -7 8 -9 9 10 17 -13 -14 -15 -16 -17 -18 18 23 -21 -22 -23 -24 24 -26 -27 27 28 29 -31
leaf_value=-0.11554399102801563 0.073067244760690056 0.06887567456423159 0.043303003129817705 -0.058348172010509174 -0.0019880538757768469 0.065924318896233486 -0.12586763433107392 -0.079915617644079867 0.17134009007948708 -0.14476017137465888 0.051050795018587891 -0.059097465956080723 0.13608054806469624 0.025857180421064965 0.12803027021999058 -0.16778820599766459 0.0010540453278193175 0.081646002843300064 0.008089599299748805 0.031934336517067369 -0.069918016260725344 0.11266662315322169 0.11621320106472557 0.1018182016298548 -0.093231525765424206 -0.15046111196968848 0.1403952874491767 -0.096097138451206279 -0.11762007559695514 0.030937027633238148
leaf_weight=13.753461691783739 12.935298798605798 9.3429768178611976 27.071107504423708 3.8334296662360421 38.352055501542054 9.7163555347360653 3.8027274692431083 2.5735068488866082 1.9584824480116347 2.8212209441699079 6.9113073507323852 37.931774969911203 1.9676487669348706 9.4721469804644567 5.8123187941964716 1.2462002635002134 3.2751320842653513 1.812006452120843 40.773969797417521 5.4830316859297445 26.715466857887805 22.515261197462678 11.563045019283889 1.4977852031588534 6.8167104455642402 5.6167015442624679 0.93185766227543609 13.155148282647135 3.1333720283582789 7.9811927408445626
leaf_count=413 82 86 288 36 468 83 69 39 26 36 93 706 7 104 35 14 55 16 581 63 373 162 90 16 113 151 13 262 105 177
internal_value=-2.63834e-10 -0.0295109 0.0503111 0.0743132 0.0247435 0.0117395 -0.0155646 0.0367424 -0.0195023 -0.00836669 -0.0188903 -0.0415169 0.00223332 -0.017606 0.0711084 0.0200501 0.0647772 -0.0149451 -0.0204339 -0.0454228 -0.060291 0.0826297 0.0651247 -0.0031206 -0.058095 -0.08277 -0.07301 -0.0497976 -0.0571002 -0.0109436
internal_weight=340.773 214.786 125.987 64.9828 61.0037 48.0684 170.214 11.9165 158.298 105.124 92.8315 53.1743 15.2425 13.2749 12.2921 6.47981 5.23361 90.0103 83.099 34.0105 28.5275 61.1494 38.6342 49.0885 8.3145 44.5717 38.955 25.2016 24.2697 11.1146
internal_count=4762 3553 1209 576 633 551 2432 125 2307 1421 1291 886 180 173 130 95 81 1255 1162 452 389 540 378 710 129 1121 970 557 544 282
is_linear=0
shrinkage=0.1


Tree=7
num_leaves=31
num_cat=0
split_feature=1 1 1 3 1 4 0 3 4 1 1 3 2 5 2 3 4 0 1 1 0 2 3 0 0 5 3 1 0 1
split_gain=39.2598 16.4936 5.59358 6.45199 6.3944 5.22285 4.88102 3.11027 3.41533 3.55003 3.71053 3.03692 2.75374 2.44996 3.11078 2.21865 2.18441 1.98174 2.43775 6.14646 4.08832 4.18319 3.92783 3.73237 5.25259 3.58895 3.33074 3.39687 4.70502 3.00085
threshold=0.83019912000000007 0.71275758500000008 0.89099550000000016 0.87389778000000018 0.97243262500000016 9.9486780000000028 30.858616500000004 0.74346805000000005 8.8422970000000021 0.83328080000000015 0.8634328750000001 0.85697042000000012 94.07857700000001 0.75871610000000012 58.575308000000007 0.6124570250000001 8.1243060000000025 18.743934500000005 0.75576973000000003 0.76085805000000006 72.824477500000015 10.113637000000002 0.68434880000000009 94.129675000000006 87.777200000000008 0.66890348000000011 0.64731050000000012 0.7252619250000002 64.839685000000017 0.76884235000000012
decision_type=2 2 2 2 2 2 2 2 2 2 2 2 2 2 2 2 2 2 2 2 2 2 2 2 2 2 2 2 2 2
left_child=1 15 3 6 5 -4 -2 -8 13 -10 -11 12 17 14 -9 16 -1 -3 23 -20 21 -21 -22 24 25 -19 -27 28 -28 -24
right_child=2 11 4 -5 -6 -7 7 8 9 10 -12 -13 -14 -15 -16 -17 -18 18 19 20 22 -23 29 -25 -26 26 27 -29 -30 -31
leaf_value=0.10466674736547027 0.11782739737677234 0.0098397669652404048 -0.011871109386395226 -0.10442972467556233 -0.049663119453498807 0.10535320386609258 -0.033232601225058188 0.082243007061312032 0.12170433894841393 -0.010680668732551661 0.055281788892506234 0.081148005464802941 -0.11795357691123363 0.1385067729565278 -0.062646261324873373 -0.09313957262189676 -0.1029557879255677 0.024545042339876855 0.066761904920395562 -0.13716733384929611 0.10267873500674973 -0.032359011917496724 -0.10102555184994343 -0.083226751047000239 0.13470758798050428 0.11365538374618621 0.071378474617990254 -0.098346793919175127 -0.15470209675870386 -0.0034301995569261073
leaf_weight=1.157403766177594 6.9095699284225693 30.992811571806669 4.32196220755577 3.3276514969766131 3.5400466574355951 31.517838553525507 7.0684175044298163 6.4317932650446874 3.3266016561537972 22.977708088816144 13.560829792637376 3.383609256707131 2.5360678313300005 4.7994489250704637 1.9254267141222952 34.025357808917761 0.90138863772153843 7.970858625136322 9.5064213972073031 4.5777124781161573 3.3153410572558633 22.653147337492555 3.3563930070959023 12.89681834366638 2.0844641719013444 1.0692315548658395 3.1402515657246104 11.114669450791551 1.3022643160074947 51.370330289937556
leaf_count=22 45 406 30 32 36 258 71 93 28 282 160 40 39 25 20 1076 23 134 106 62 41 333 70 273 25 11 44 213 23 741
internal_value=-8.56238e-11 -0.0255955 0.0483772 0.0314805 0.0785526 0.091217 0.0382307 0.0290782 0.0373849 0.0228047 0.0138005 -0.01265 -0.0145404 0.0815636 0.0488619 -0.0870401 0.0137646 -0.0129543 -0.0182123 -0.00950794 -0.0180107 -0.0499781 -0.00301293 -0.0390567 -0.0177067 -0.0306229 -0.0570709 -0.0688048 0.00510597 -0.00941573
internal_weight=317.062 207.355 109.707 70.3274 39.3798 35.8398 66.9998 60.0902 53.0218 39.8651 36.5385 171.27 167.887 13.1567 8.35722 36.0842 2.05879 165.351 134.358 94.7793 85.2729 27.2309 58.0421 39.5786 26.6817 24.5973 16.6264 15.5572 4.44252 54.7267
internal_count=4762 3682 1080 756 324 288 724 679 608 470 442 2561 2521 138 113 1121 45 2482 2076 1353 1247 395 852 723 450 425 291 280 67 811
is_linear=0
shrinkage=0.1


Tree=8
num_leaves=31
num_cat=0
split_feature=1 1 3 0 5 1 1 2 3 4 1 1 2 5 4 1 0 1 1 0 0 0 2 3 3 0 1 4 5 3
split_gain=27.5443 13.9101 8.46984 4.18542 4.06055 7.16398 4.77262 5.21646 2.65405 5.2941 2.61935 4.19908 6.31553 3.93411 5.42354 3.71535 3.29814 3.05021 2.75747 2.75442 2.91637 2.95067 4.82257 2.50654 2.18772 2.06375 2.89615 2.45683 1.95174 1.90258
threshold=0.83019912000000007 0.71275758500000008 0.72616495000000014 55.815771500000004 0.79940915500000009 0.97243262500000016 0.92004075000000018 18.630735000000005 0.68160760500000006 10.223381000000002 0.75097275000000019 0.76085805000000006 49.140394500000006 0.76121070000000013 14.429198500000002 0.75576973000000003 163.25525000000002 0.76214349000000003 0.75282312000000007 3.5841808500000005 16.307993500000006 15.583087000000001 17.696769500000006 0.85912478000000003 0.78090333000000001 44.974908500000005 0.72263860000000013 19.573974500000002 0.64005935000000014 0.76941537500000012
decision_type=2 2 2 2 2 2 2 2 2 2 2 2 2 2 2 2 2 2 2 2 2 2 2 2 2 2 2 2 2 2
left_child=1 -1 3 -2 6 24 7 29 9 28 16 12 13 14 15 18 19 -13 -12 -10 21 22 -21 -19 -6 26 -22 -27 -3 -4
right_child=2 8 4 -5 5 -7 -8 -9 10 -11 11 17 -14 -15 -16 -17 -18 23 -20 20 25 -23 -24 -25 -26 27 -28 -29 -30 -31
leaf_value=-0.080900394382934837 -0.17436124472455103 -0.011477962230857947 0.12858541333055085 -0.0031486547490430605 0.019704413288976944 -0.094577224863635068 0.11017649800909508 0.0097938968754636788 -0.14259490763543756 -0.069991050025920404 0.079691414045964984 -0.14292760158050338 -0.13696073366340863 0.15288471325948766 -0.12273253040513613 0.10184608758508878 -0.12399443037910068 -0.015333534071534902 -0.096910871520759612 0.073481779630735738 0.030743715818054546 0.14289120098291372 -0.090302676666162263 0.07662665318289176 0.099964372985775096 -0.03138219396259647 -0.11389975223046503 0.09395900011554921 0.085205775114450488 0.041025202951485595
leaf_weight=33.140146031859331 2.4426194317638865 2.7131239771842948 5.5560653614811581 3.4366407515481114 3.8791772760450867 2.2557327318936577 7.3259407775476566 45.199668698303867 1.935441868379711 4.0196071574464431 1.5285202069208081 1.8207151847891498 1.8492107670754183 3.4467489235103121 1.9135114760138083 7.1382503926288337 3.8656784901395431 86.661495451990049 2.0972229063045233 4.0078282868489605 1.800812561064961 1.8042416553944347 3.2601510733366013 3.0689363908022633 27.27784751355648 14.390760047826918 5.9846973516978323 1.7544770222157229 9.060911560431121 4.4845965990098193
leaf_count=1121 9 31 20 44 38 29 46 591 34 69 24 32 36 19 36 81 103 1321 46 46 34 8 54 35 250 283 134 19 116 53
internal_value=-1.41082e-10 -0.0218056 0.0422295 -0.0742813 0.0493665 0.0775126 0.0343354 0.0242774 -0.00987298 0.0290981 -0.0140225 -0.00611269 0.0380786 0.058153 0.0323975 0.0599749 -0.036348 -0.0147884 -0.0224599 -0.0266506 -0.0198511 0.0284288 1.40323e-05 -0.0121883 0.0899717 -0.0381541 -0.0804433 -0.0177616 0.0629267 0.0894772
internal_weight=299.121 197.262 101.858 5.87926 95.979 33.4128 62.5663 55.2403 164.122 15.7936 148.329 109.525 17.9735 16.1243 12.6775 10.764 38.8041 91.5511 3.62574 34.9384 33.003 9.07222 7.26798 89.7304 31.157 23.9307 7.78551 16.1452 11.774 10.0407
internal_count=4762 3682 1080 53 1027 317 710 664 2561 216 2345 1630 242 206 187 151 715 1388 70 612 578 108 100 1356 288 470 168 302 147 73
is_linear=0
shrinkage=0.1


Tree=9
num_leaves=31
num_cat=0
split_feature=1 1 1 3 5 5 0 4 0 2 4 4 0 0 3 0 4 4 5 0 1 2 2 4 4 2 1 5 3 3
split_gain=26.2352 13.1822 3.93549 3.81999 3.05592 4.03743 3.61597 2.98534 2.95163 3.36757 4.92924 4.27308 4.20759 3.70593 2.35905 2.76705 4.38704 6.45059 3.83041 3.48373 2.6124 3.63033 3.31091 4.38055 3.49273 4.20881 2.78673 3.29028 2.36171 2.33288
threshold=0.8617138700000001 0.72957253000000011 0.97243262500000016 0.62096143000000015 0.81616070000000007 0.80049945000000011 170.61056500000004 8.1243060000000025 71.396350000000012 16.372284500000003 10.223381000000002 2.1527848500000002 32.720888500000008 54.360405000000007 0.74264098500000009 170.61056500000004 7.5738473500000012 10.677555500000002 0.72009670000000015 149.42764000000003 0.80754043000000009 17.874768000000003 16.657821000000002 12.570011000000003 13.84092225 41.062450000000005 0.84114588000000012 0.77954960000000006 0.75780271500000007 0.8110873700000002
decision_type=2 2 2 2 2 2 2 2 2 2 2 2 2 2 2 2 2 2 2 2 2 2 2 2 2 2 2 2 2 2
left_child=1 3 -2 7 5 14 -7 -1 9 10 11 -5 -13 -11 -3 19 -17 -18 29 20 22 -22 -16 -24 -25 -26 -23 -28 -20 -19
right_child=2 4 -4 8 -6 6 -8 -9 -10 13 -12 12 -14 -15 15 16 17 18 28 -21 21 26 23 24 25 -27 27 -29 -30 -31
leaf_value=0.10286272443021366 0.070167878601066505 -0.020784613688908108 -0.055363194029474184 -0.10713461218774251 -0.070375909444506099 0.0013962977626653574 0.12805767211911001 -0.09220124825693958 -0.11570507870990675 -0.098152895832668272 -0.11345223267890457 0.086079050020637995 -0.10960006098817261 0.0019924347585777535 -0.062531341249923086 -0.097393187936861206 0.075138652712973097 -0.0051409471139917179 0.056127478482469476 0.08575396037178358 0.10110763289279488 0.038135082474119571 0.034131933358465406 -0.13903919739405565 0.041050241072022903 -0.082646984417585986 -0.11362000181401639 0.07079966294358174 -0.067068076842452404 0.11635056937756545
leaf_weight=2.4226989410817619 49.752885958179832 51.199126973515376 2.6294354796409598 2.0701215728186062 6.2861430328339329 4.4363227733410877 4.5816638206597418 1.1603641016408799 9.9693341385573131 18.260156662669036 3.7398588880896559 6.7062360374256951 1.3142074495553968 4.6326565355993798 8.0004808534868044 5.7393940131878471 8.0420919982716423 5.2797985277138677 1.7334073279052997 6.5813007296528658 6.4188447805354398 11.456234054639934 24.009167546639219 2.6769703007303169 6.4221039894036931 4.8115225695073605 3.0444352931226595 1.4180369954556225 15.212407512357457 2.2557973796501756
leaf_count=36 558 902 36 48 67 62 25 33 362 571 146 119 44 104 127 101 89 81 30 90 51 168 343 42 111 88 47 15 237 29
internal_value=-1.26824e-10 -0.0145531 0.0638666 -0.059814 -0.00188353 0.000600635 0.0657477 0.0396918 -0.0674499 -0.0543499 -0.0153898 0.020955 0.0540156 -0.0778872 -0.00297509 0.00508695 -0.0167881 -0.00256378 -0.0280889 0.016271 0.00957154 0.0376212 -0.00407302 0.00826077 -0.0363919 -0.011931 0.0120218 -0.0550171 -0.0544663 0.0312278
internal_weight=282.263 229.881 52.3823 50.2756 179.605 173.319 9.01799 3.58306 46.6926 36.7232 13.8304 10.0906 8.02044 22.8928 164.301 113.102 38.2629 32.5235 24.4814 74.8391 68.2578 22.3376 45.9202 37.9198 13.9106 11.2336 15.9187 4.46247 16.9458 7.5356
internal_count=4762 4168 594 1463 2705 2638 87 69 1394 1032 357 211 163 675 2551 1649 567 466 377 1082 992 281 711 584 241 199 230 62 267 110
is_linear=0
shrinkage=0.1


end of trees

feature_importances:
Column_1=75
Column_3=51
Column_2=47
Column_0=45
Column_4=43
Column_5=39

parameters:
[boosting: gbdt]
[objective: lambdarank]
[metric: ndcg]
[tree_learner: serial]
[device_type: cpu]
[data_sample_strategy: bagging]
[data: ]
[valid: ]
[num_iterations: 100]
[learning_rate: 0.1]
[num_leaves: 31]
[num_threads: 0]
[seed: 0]
[deterministic: 0]
[force_col_wise: 0]
[force_row_wise: 0]
[histogram_pool_size: -1]
[max_depth: -1]
[min_data_in_leaf: 20]
[min_sum_hessian_in_leaf: 0.001]
[bagging_fraction: 1]
[pos_bagging_fraction: 1]
[neg_bagging_fraction: 1]
[bagging_freq: 0]
[bagging_seed: 3]
[bagging_by_query: 0]
[feature_fraction: 1]
[feature_fraction_bynode: 1]
[feature_fraction_seed: 2]
[extra_trees: 0]
[extra_seed: 6]
[early_stopping_round: 0]
[early_stopping_min_delta: 0]
[first_metric_only: 0]
[max_delta_step: 0]
[lambda_l1: 0]
[lambda_l2: 0]
[linear_lambda: 0]
[min_gain_to_split: 0]
[drop_rate: 0.1]
[max_drop: 50]
[skip_drop: 0.5]
[xgboost_dart_mode: 0]
[uniform_drop: 0]
[drop_seed: 4]
[top_rate: 0.2]
[other_rate: 0.1]
[min_data_per_group: 100]
[max_cat_threshold: 32]
[cat_l2: 10]
[cat_smooth: 10]
[max_cat_to_onehot: 4]
[top_k: 20]
[monotone_constraints: ]
[monotone_constraints_method: basic]
[monotone_penalty: 0]
[feature_contri: ]
[forcedsplits_filename: ]
[refit_decay_rate: 0.9]
[cegb_tradeoff: 1]
[cegb_penalty_split: 0]
[cegb_penalty_feature_lazy: ]
[cegb_penalty_feature_coupled: ]
[path_smooth: 0]
[interaction_constraints: ]
[verbosity: -1]
[saved_feature_importance_type: 0]
[use_quantized_grad: 0]
[num_grad_quant_bins: 4]
[quant_train_renew_leaf: 0]
[stochastic_rounding: 1]
[linear_tree: 0]
[max_bin: 255]
[max_bin_by_feature: ]
[min_data_in_bin: 3]
[bin_construct_sample_cnt: 200000]
[data_random_seed: 1]
[is_enable_sparse: 1]
[enable_bundle: 1]
[use_missing: 1]
[zero_as_missing: 0]
[feature_pre_filter: 1]
[pre_partition: 0]
[two_round: 0]
[header: 0]
[label_column: ]
[weight_column: ]
[group_column: ]
[ignore_column: ]
[categorical_feature: ]
[forcedbins_filename: ]
[precise_float_parser: 0]
[parser_config_file: ]
[objective_seed: 5]
[num_class: 1]
[is_unbalance: 0]
[scale_pos_weight: 1]
[sigmoid: 1]
[boost_from_average: 1]
[reg_sqrt: 0]
[alpha: 0.9]
[fair_c: 1]
[poisson_max_delta_step: 0.7]
[tweedie_variance_power: 1.5]
[lambdarank_truncation_level: 30]
[lambdarank_norm: 1]
[label_gain: ]
[lambdarank_position_bias_regularization: 0]
[eval_at: 1,3,5,10]
[multi_error_top_k: 1]
[auc_mu_weights: ]
[num_machines: 1]
[local_listen_port: 12400]
[time_out: 120]
[machine_list_filename: ]
[machines: ]
[gpu_platform_id: -1]
[gpu_device_id: -1]
[gpu_use_dp: 0]
[num_gpu: 1]

end of parameters

pandas_categorical:null
