tree
version=v4
num_class=1
num_tree_per_iteration=1
label_index=0
max_feature_idx=5
objective=lambdarank
feature_names=Column_0 Column_1 Column_2 Column_3 Column_4 Column_5
feature_infos=[0:4011.8434999999999] [0.5817909:0.99977110000000002] [0.0034895220000000001:196.74753000000001] [0.55143260000000005:0.93930817] [0:52.403267] [0.51575230000000005:0.90888550000000001]
tree_sizes=3358 3357 3347 3365 3383

Tree=0
num_leaves=31
num_cat=0
split_feature=1 1 1 1 3 4 1 5 0 5 2 3 5 2 3 4 1 5 1 1 0 4 1 4 4 3 4 3 3 0
split_gain=141.035 39.0788 6.46765 6.0613 5.95484 5.44752 5.14755 4.86753 6.51584 3.25777 3.46642 3.03102 2.66315 2.45179 2.44872 2.34049 2.19897 2.18928 1.9697 3.02038 2.92933 4.80718 2.40507 2.76917 3.35649 5.10609 2.88971 3.17174 3.15747 3.02023
threshold=0.73715889500000009 0.85900665000000009 0.7032448200000001 0.97021997000000015 0.66418062500000008 14.957350000000002 0.82059170000000015 0.63314855000000014 95.977312500000011 0.69922316500000015 66.803475000000006 0.69997490000000007 0.64271915000000013 24.383981500000001 0.69795274500000015 16.434004500000004 0.83143985000000009 0.80073202000000021 0.81136178000000003 0.84623301000000006 86.097098000000003 7.6114301500000012 0.79560543000000006 14.609788000000002 12.589119000000002 0.75751710000000017 12.184136000000002 0.82898986500000016 0.70272160000000017 7.8639695500000011
decision_type=2 2 2 2 2 2 2 2 2 2 2 2 2 2 2 2 2 2 2 2 2 2 2 2 2 2 2 2 2 2
left_child=2 5 -1 -3 12 18 9 8 11 -7 14 -6 -4 -8 -11 -15 -17 -16 22 20 -20 -22 23 24 26 -26 27 28 -2 -30
right_child=1 3 4 -5 7 6 13 -9 -10 10 -12 -13 -14 15 17 16 -18 -19 19 -21 21 -23 -24 -25 25 -27 -28 -29 29 -31
leaf_value=-0.15489674500948117 0.086458340041935866 0.15832157843583011 -0.075509956732954686 -0.017283661773607871 -0.065940577308705103 0.047175617385606584 0.12596059644980814 -0.12957343831884346 -0.19016284232353237 -0.15295442348572832 -0.15273461798949609 0.14724889538755931 0.088343854448569348 -0.098149254926993487 -0.010741238322684615 0.12255046765044925 0.0088946383113190867 -0.14985311161241943 0.1494003174801701 -0.023277142725610805 -0.067142149965483955 0.093990117746632157 -0.012551696221028969 0.14946813329829536 0.038076627723344102 -0.16011864903386314 0.17196914607949815 0.14465142053588198 -0.094262768631327765 0.025790446503589137
leaf_weight=34.125377854419639 8.2174350591376406 31.867914487665985 1.6825295959133679 2.094784756191074 1.0291158822365134 4.2618028192082447 2.9447203743620767 20.32218426122563 1.3995925728231666 1.545193312689668 2.7798735699616364 1.8947290286887435 2.4166870079934597 1.3937246377463441 15.022278456366623 2.4005673018982616 5.8522811330622062 1.2234209291636933 5.0436866409145322 2.9676661959383628 2.4132136935368163 7.9544412342365831 10.197916620003523 2.240746557712554 3.4040873262565574 2.1028752860147506 1.7327404378447671 2.6906288572354233 2.2853616862557855 25.226454471936449
leaf_count=969 166 522 41 36 24 87 46 554 27 29 60 35 41 29 322 52 129 26 93 74 63 178 233 23 74 66 29 37 55 641
internal_value=8.7035e-11 0.0533443 -0.12546 0.14749 -0.0905129 0.0252721 -0.00599069 -0.109075 -0.0127247 -0.0323996 -0.0488858 0.0722119 0.0210898 0.046093 -0.0326592 0.0217125 0.0419546 -0.0212174 0.0405704 0.0691038 0.0868931 0.0564844 0.031544 0.0409319 0.0356055 -0.0376057 0.0456464 0.0399493 0.0320646 0.0158178
internal_weight=210.734 147.864 62.8702 33.9627 28.7448 113.901 37.4239 24.6456 4.32344 24.8326 20.5708 2.92384 4.09922 12.5913 17.7909 9.64657 8.25285 16.2457 76.4773 18.379 15.4113 10.3677 58.0982 47.9003 45.6596 5.50696 40.1526 38.4199 35.7293 27.5118
internal_count=4761 3070 1691 558 722 2512 780 640 86 524 437 59 82 256 377 210 181 348 1732 408 334 241 1324 1091 1068 140 928 899 862 696
is_linear=0
shrinkage=0.1


Tree=1
num_leaves=31
num_cat=0
split_feature=1 1 1 2 2 0 1 1 3 3 0 2 1 1 1 3 1 5 4 1 3 5 2 0 3 1 3 2 2 1
split_gain=182.856 36.4521 29.961 14.1692 13.534 15.3925 11.8586 10.9557 10.3526 13.5933 11.3257 11.5372 9.56526 8.58543 16.9042 9.54988 8.19108 8.09852 7.50776 7.58332 9.83089 11.8514 8.30541 9.68531 7.81057 7.7301 7.70267 7.38448 6.99509 10.6569
threshold=0.82059170000000015 0.7062822700000001 0.89922025000000005 69.702400000000011 89.456990000000005 131.99092000000005 0.9590238350000001 0.85709810500000005 0.71027280000000015 0.80218767000000013 190.39742500000003 37.889837000000007 0.97021997000000015 0.87034417000000019 0.83225192000000014 0.7854209000000002 0.82961955000000009 0.79299795500000014 20.560776500000003 0.73635447000000009 0.66418062500000008 0.63314855000000014 10.024688500000002 128.66070500000004 0.78777875000000008 0.72491359500000008 0.68484260000000008 63.436916000000004 66.803475000000006 0.86469757000000014
decision_type=2 2 2 2 2 2 2 2 2 2 2 2 2 2 2 2 2 2 2 2 2 2 2 2 2 2 2 2 2 2
left_child=1 -1 4 18 5 7 -4 -2 -7 13 11 -11 -8 14 -10 -16 -12 -9 19 20 25 -22 24 26 -21 -3 -24 -25 29 -18
right_child=2 3 6 -5 -6 8 12 17 9 10 16 -13 -14 -15 15 -17 28 -19 -20 22 21 -23 23 27 -26 -27 -28 -29 -30 -31
leaf_value=-0.11616187149567272 0.032822391175528327 0.093815738761173967 0.15118068303761348 -0.12223721511380425 0.13139886999319034 -0.11332034766067911 0.1171843532945973 0.08040761218011705 0.14523825990622249 0.05855920214147517 -0.14181298750971658 -0.13428707861672909 -0.088117641786309125 0.16278255107304318 -0.088774418121287169 0.078248380845192894 -0.01114501112672641 0.18889205142919335 -0.089245240574125639 -0.081899796318377474 0.019671315183278987 -0.11733276285225587 0.094460812316554066 -0.049076170153122545 0.083142149389672182 -0.10581683668279772 0.0038866722457595367 0.090148371792159315 -0.017051605628881247 0.16523398803318137
leaf_weight=60.426951226079836 27.335491528967395 6.3881783001124841 50.515701377764344 15.882189850788562 17.639796670526266 6.2204324994236222 5.2206301689147931 18.519582536071542 9.496153935324406 4.2336098924279204 2.7262623514980104 11.608951232396064 4.0144873019307852 7.6805876921862355 9.1300981603562814 5.4768459638580671 6.0782173592597264 10.949982350692151 17.00575038138777 24.907034363597635 8.3864989932626468 25.549595706630498 10.271587315946816 51.634541271487251 3.2405041046440592 2.7853680867701769 109.30872571468353 4.1131543889641753 11.527810283936558 7.8494176957756281
leaf_count=1026 180 53 180 167 68 27 18 77 60 17 22 59 36 45 72 50 76 45 200 180 72 448 50 494 10 17 893 35 50 34
internal_value=8.96784e-11 -0.0457347 0.0718941 -0.0305071 0.0488914 0.0384082 0.132133 0.0784208 0.0106994 0.0208758 -0.0151043 -0.0827527 0.02794 0.0707126 0.0413739 -0.0261495 0.0229249 0.120717 -0.0249801 -0.020548 -0.0586472 -0.0834755 -0.0124761 -0.00438106 -0.0628992 0.0332012 0.0116667 -0.038804 0.0405682 0.0882597
internal_weight=556.124 339.9 216.224 279.473 156.473 138.833 59.7508 56.8051 82.0284 75.808 44.0243 15.8426 9.23512 31.7837 24.1031 14.6069 28.1817 29.4696 263.591 246.585 43.1096 33.9361 203.476 175.328 28.1475 9.17355 119.58 55.7477 25.4554 13.9276
internal_count=4761 3645 1116 2619 882 814 234 302 512 485 258 76 54 227 182 122 182 122 2452 2252 590 520 1662 1472 190 70 943 529 160 110
is_linear=0
shrinkage=0.1


Tree=2
num_leaves=31
num_cat=0
split_feature=1 1 1 2 4 0 3 5 1 3 0 3 1 0 0 0 5 3 4 4 4 0 2 1 1 4 4 3 3 5
split_gain=144.631 28.724 17.7226 8.81596 11.01 15.6638 7.00561 6.84923 6.84748 6.88994 6.48106 7.6144 14.3237 5.6184 7.3344 7.41457 8.37882 7.16662 5.17099 7.1377 5.14291 5.07115 5.15946 7.62918 5.53118 6.30745 4.52558 6.32633 8.03501 5.60814
threshold=0.82059170000000015 0.7190392000000001 0.85900665000000009 20.931478000000002 12.184136000000002 45.567976500000007 0.85601402000000004 0.63871132000000008 0.82961955000000009 0.72667801500000018 131.99092000000005 0.7809871450000001 0.89129255000000007 0.74982877000000014 18.811784500000005 16.381627000000005 0.78495765000000006 0.68412735000000013 13.247402000000003 18.413686500000001 5.1551948500000009 2.6583171500000002 12.395541500000002 0.72573735000000006 0.74178636500000017 4.3685015000000007 5.849468700000001 0.79408325000000013 0.74947335000000004 0.73733450000000011
decision_type=2 2 2 2 2 2 2 2 2 2 2 2 2 2 2 2 2 2 2 2 2 2 2 2 2 2 2 2 2 2
left_child=1 3 8 4 5 -1 7 -3 18 -10 -4 12 -12 -9 15 16 21 -16 -2 -20 -11 -15 23 -23 -24 -26 -22 28 -28 -29
right_child=2 6 10 -5 -6 -7 -8 13 9 20 11 -13 -14 14 17 -17 -18 -19 19 -21 26 22 24 -25 25 -27 27 29 -30 -31
leaf_value=0.012454949888712536 0.12805994969644471 0.033224961203152652 0.14349763918875555 -0.12972058740072798 -0.14923989730795403 -0.15264937623331098 0.12264532545845197 -0.18341086186427805 -0.098258728459684572 -0.093740351259798377 0.11406404741583681 0.10028479189555656 -0.13844994995372936 -0.1653159397437084 0.029520120429324122 0.10290479660714116 0.13062832947601485 -0.043737183063898601 -0.063718935990380324 0.10977882124084284 0.19385400072891051 0.097108964204229417 -0.088685563988254196 -0.1460895742046171 0.19035245678015467 0.012020156260976638 0.086998072141211927 -0.029211493079354944 -0.057226094683212804 0.099467733707394562
leaf_weight=22.047724465839568 11.895107273012401 18.517343541607261 28.865779067389667 36.028977529611439 10.597653518430887 7.7716630455106488 3.2587226994801304 2.3679818660020819 4.7536591477692118 3.1727775651961556 5.0495625883340818 56.732453608419746 4.0465492103248835 2.5176951382309261 14.632320536766199 7.2188148596324018 3.690097006969153 152.86114396783523 4.4270464386790973 5.1061937641352415 1.79237342160195 1.701465137302878 3.8700616825372007 5.3326064236462116 2.4943584129214278 9.6805846923962218 5.6422736328095224 4.3653734051622477 12.248733857646583 15.110331885516642
leaf_count=275 74 163 164 682 192 143 29 16 30 25 39 339 16 34 131 45 21 1658 33 37 7 19 58 65 9 105 29 52 107 164
internal_value=-3.89215e-11 -0.040702 0.0759606 -0.0937528 -0.06169 -0.0305753 -0.0229258 -0.0250352 0.0372201 0.0158933 0.10399 0.0866665 0.0017292 -0.0302629 -0.0284852 0.0121298 -0.010245 -0.0373374 0.0840826 0.0292099 0.028712 -0.0305537 -0.0158524 -0.0872625 0.0154535 0.0485562 0.0386334 0.0311879 -0.0117422 0.070625
internal_weight=467.797 304.589 163.208 76.446 40.417 29.8194 228.143 224.884 68.5139 47.0855 94.6943 65.8286 9.09611 206.367 203.999 36.5057 29.2869 167.493 21.4283 9.53324 42.3319 25.5968 23.0791 7.03407 16.045 12.1749 39.1591 37.3667 17.891 19.4757
internal_count=4761 3645 1116 1292 610 418 2353 2324 558 414 558 394 55 2161 2145 356 311 1789 144 70 384 290 256 84 172 114 359 352 136 216
is_linear=0
shrinkage=0.1


Tree=3
num_leaves=31
num_cat=0
split_feature=1 1 1 1 4 0 4 2 4 0 2 4 0 3 5 1 3 0 0 2 2 5 0 4 2 4 1 1 3 5
split_gain=98.3897 31.0944 12.0177 9.42248 5.69624 5.44258 6.65911 7.50172 5.02496 8.24065 12.6348 6.94745 4.86393 6.13632 15.0571 5.55524 5.44332 6.40656 4.76643 4.76152 9.14525 5.84034 4.75177 9.07979 7.74871 4.74909 4.66536 4.63059 4.43195 4.39012
threshold=0.82059170000000015 0.7287385500000001 0.8617138700000001 0.97021997000000015 20.560776500000003 907.74994000000015 15.732331000000002 64.212235000000007 10.110985500000002 33.923355500000007 16.845996000000003 2.2364659000000002 128.66070500000004 0.77852809500000009 0.77390897000000014 0.8084315150000001 0.71830450000000012 75.862192500000006 88.517475000000005 13.519971000000002 24.078905500000001 0.71585012000000015 318.19072000000006 13.014805500000001 17.816598000000003 3.8938677000000004 0.78200208000000015 0.91851390000000011 0.75311482000000007 0.74557769000000007
decision_type=2 2 2 2 2 2 2 2 2 2 2 2 2 2 2 2 2 2 2 2 2 2 2 2 2 2 2 2 2 2
left_child=1 8 -2 5 12 6 7 27 9 10 11 -1 13 16 18 22 17 19 -15 21 -21 -3 24 26 -14 -20 -24 -4 29 -18
right_child=2 4 3 -5 -6 -7 -8 -9 -10 -11 -12 -13 15 14 -16 -17 28 -19 25 20 -22 -23 23 -25 -26 -27 -28 -29 -30 -31
leaf_value=-0.096118017231149863 0.033537710613263785 0.010069656319988544 0.06431560304796706 -0.052064445387986706 -0.076869352299704902 0.015345787030177022 0.13311159789850091 -0.068662505152898984 -0.12751994301663594 -0.11895623288229702 -0.11627381786249467 0.050518655203108512 0.067698094716270155 0.075730362469347112 -0.14902161585998694 -0.10096546601665075 -0.07054551785909699 0.10278505137238279 0.15173280106064338 0.084752123588693717 -0.066592548497843143 -0.13395391437281315 -0.12866023351486766 0.12286008542698482 -0.064423679101489287 -0.054491154070591276 0.034127080833886186 0.16189970401376994 0.0050571781709216161 0.021787680284318281
leaf_weight=4.2426254013553324 63.069684782996774 6.3276338288560527 18.903088785707958 4.328855372965335 13.59826940007042 6.9950664164498439 42.192100274376571 3.403377045877277 24.094365777913481 21.887756164185703 12.293094878084956 13.550785559229551 5.3972439561039236 26.670829540584236 3.9981511421501628 10.328401862643657 29.124917983775958 7.0082767857238641 1.3768244646489609 10.900776527822019 6.300263872370123 5.0728736612945795 3.4367467649281007 5.9029325610026717 25.000816318904981 5.9103312427178025 3.6096282135695219 6.5468465574085704 19.60015521151945 6.255442268215119
leaf_count=56 594 78 144 36 203 34 258 24 555 462 284 163 70 230 37 108 297 69 7 77 58 48 38 53 330 64 55 26 245 58
internal_value=3.04227e-10 -0.0355124 0.0663883 0.0915418 -0.014435 0.0995075 0.107794 0.0707722 -0.0897714 -0.0722718 -0.0383092 0.0155549 -0.00977581 0.00078147 0.0345354 -0.0350591 -0.013361 0.0170977 0.056147 -0.00389842 0.0293188 -0.0540164 -0.0193556 0.0313722 -0.0409652 -0.0155275 -0.0452696 0.0894185 -0.0330884 -0.0542205
internal_weight=417.328 271.889 145.439 82.3693 195.821 78.0405 71.0454 28.8533 76.0686 51.9743 30.0865 17.7934 182.222 128.546 37.9561 53.6758 90.5903 35.6098 33.958 28.6015 17.201 11.4005 43.3474 12.9493 30.3981 7.28716 7.04637 25.4499 54.9805 35.3804
internal_count=4761 3645 1116 522 2125 486 452 194 1520 965 503 219 1922 1268 338 654 930 330 301 261 135 126 546 146 400 71 93 170 600 355
is_linear=0
shrinkage=0.1


Tree=4
num_leaves=31
num_cat=0
split_feature=1 1 1 1 0 5 3 5 1 1 3 3 2 5 2 5 1 5 4 2 0 1 4 1 5 5 1 0 0 0
split_gain=76.8691 24.3877 7.89088 10.9814 5.89931 8.06597 5.41429 5.31491 6.85955 6.16157 5.00231 4.49517 4.32671 4.35819 3.98006 3.74355 3.69624 7.04722 4.51536 5.77293 8.28835 6.28685 4.2576 5.46601 4.57657 4.77145 4.10934 3.80697 3.65261 3.93201
threshold=0.82059170000000015 0.7287385500000001 0.89634740000000013 0.97021997000000015 1192.4040000000002 0.79299795500000014 0.85601402000000004 0.63871132000000008 0.73830498000000011 0.73372626500000016 0.61079061500000009 0.77109216500000011 16.468459000000006 0.79005885000000009 68.926705000000013 0.62848020000000016 0.77081157000000011 0.78495765000000006 1.6345803500000002 19.343102500000004 26.899757000000005 0.75516021500000008 12.536114500000002 0.78143704000000003 0.69973637000000011 0.71435820000000005 0.74367895000000017 33.269222000000006 329.41304000000008 122.03383000000001
decision_type=2 2 2 2 2 2 2 2 2 2 2 2 2 2 2 2 2 2 2 2 2 2 2 2 2 2 2 2 2 2
left_child=1 10 4 -4 5 12 7 9 -9 -3 15 -7 -2 -14 16 -1 17 18 -10 26 21 -21 23 -18 -25 -26 -20 -22 29 -24
right_child=2 6 3 -5 -6 11 -8 8 14 -11 -12 -13 13 -15 -16 -17 22 -19 19 20 27 -23 28 24 25 -27 -28 -29 -30 -31
leaf_value=-0.065651026501821461 0.082640705982556364 0.18470345512118044 0.11653497036174108 -0.068178896792490215 -0.11531740576773997 0.011805660257355716 0.10951909534508593 -0.10803336988842444 0.11643805680869448 0.011337092550539767 -0.090941037362352484 0.11379256236261515 0.023830670000854749 -0.12151264934522264 -0.083012999042416477 0.1547287821851861 -0.063582519474309582 0.14214661426785946 0.07210568222154215 -0.022747390252677253 -0.12789879299855691 0.13137410408216263 -0.04212703363119983 0.073676272681364702 -0.10437501094770613 0.010509336784294519 -0.074478424796652384 -0.0056646291864100289 0.032077647653823989 -0.1245152931162636
leaf_weight=1.6184249110519879 12.833504574839024 2.5099431583657852 34.093106105457991 3.5540576959028831 2.2364837210625401 5.3464883565902737 3.4734698906540862 8.7217430551536363 3.0115353912115088 11.188126825727521 64.394456795183942 22.547635193914175 52.822013296652585 2.1469338629394761 8.5360293723642808 1.4717246554791925 13.114619557745753 3.5615690294653168 2.181837732903662 3.9240875765681258 2.8772228248417404 8.1306774001568538 16.436347161186866 8.9755420640576613 4.3783459030091789 20.740266888402402 15.491660002619026 22.265975181479007 3.9617612250149241 8.9454037551768106
leaf_count=35 90 12 216 36 13 31 29 161 31 113 1469 175 543 12 136 16 155 19 34 45 27 44 236 135 58 239 188 294 54 115
internal_value=-2.50973e-10 -0.0340133 0.060187 0.0990972 0.0452293 0.0489813 -0.0140671 -0.0166079 -0.0218762 0.0431036 -0.0849769 0.0942447 0.0303599 0.018154 -0.0167481 0.0393078 -0.0126492 0.00561851 -0.00278214 -0.00932535 0.0130323 0.0812042 -0.0273117 -0.00871871 0.0123851 -0.00951579 -0.0563822 -0.0196523 -0.0572246 -0.0711635
internal_weight=375.491 239.911 135.58 37.6472 97.9331 95.6966 172.426 168.953 155.255 13.6981 67.4846 27.8941 67.8025 54.9689 146.533 3.09015 137.997 61.4446 57.883 54.8715 37.198 12.0548 76.5523 47.2088 34.0942 25.1186 17.6735 25.1432 29.3435 25.3818
internal_count=4761 3645 1116 252 864 851 2125 2096 1971 125 1520 206 645 555 1810 51 1674 682 663 632 410 89 992 587 432 297 222 321 405 351
is_linear=0
shrinkage=0.1


end of trees

feature_importances:
Column_1=45
Column_3=24
Column_0=23
Column_4=21
Column_5=19
Column_2=18

parameters:
[boosting: gbdt]
[objective: lambdarank]
[metric: ndcg]
[tree_learner: serial]
[device_type: cpu]
[data_sample_strategy: bagging]
[data: ]
[valid: ]
[num_iterations: 100]
[learning_rate: 0.1]
[num_leaves: 31]
[num_threads: 0]
[seed: 0]
[deterministic: 0]
[force_col_wise: 0]
[force_row_wise: 0]
[histogram_pool_size: -1]
[max_depth: -1]
[min_data_in_leaf: 20]
[min_sum_hessian_in_leaf: 0.001]
[bagging_fraction: 1]
[pos_bagging_fraction: 1]
[neg_bagging_fraction: 1]
[bagging_freq: 0]
[bagging_seed: 3]
[bagging_by_query: 0]
[feature_fraction: 1]
[feature_fraction_bynode: 1]
[feature_fraction_seed: 2]
[extra_trees: 0]
[extra_seed: 6]
[early_stopping_round: 0]
[early_stopping_min_delta: 0]
[first_metric_only: 0]
[max_delta_step: 0]
[lambda_l1: 0]
[lambda_l2: 0]
[linear_lambda: 0]
[min_gain_to_split: 0]
[drop_rate: 0.1]
[max_drop: 50]
[skip_drop: 0.5]
[xgboost_dart_mode: 0]
[uniform_drop: 0]
[drop_seed: 4]
[top_rate: 0.2]
[other_rate: 0.1]
[min_data_per_group: 100]
[max_cat_threshold: 32]
[cat_l2: 10]
[cat_smooth: 10]
[max_cat_to_onehot: 4]
[top_k: 20]
[monotone_constraints: ]
[monotone_constraints_method: basic]
[monotone_penalty: 0]
[feature_contri: ]
[forcedsplits_filename: ]
[refit_decay_rate: 0.9]
[cegb_tradeoff: 1]
[cegb_penalty_split: 0]
[cegb_penalty_feature_lazy: ]
[cegb_penalty_feature_coupled: ]
[path_smooth: 0]
[interaction_constraints: ]
[verbosity: -1]
[saved_feature_importance_type: 0]
[use_quantized_grad: 0]
[num_grad_quant_bins: 4]
[quant_train_renew_leaf: 0]
[stochastic_rounding: 1]
[linear_tree: 0]
[max_bin: 255]
[max_bin_by_feature: ]
[min_data_in_bin: 3]
[bin_construct_sample_cnt: 200000]
[data_random_seed: 1]
[is_enable_sparse: 1]
[enable_bundle: 1]
[use_missing: 1]
[zero_as_missing: 0]
[feature_pre_filter: 1]
[pre_partition: 0]
[two_round: 0]
[header: 0]
[label_column: ]
[weight_column: ]
[group_column: ]
[ignore_column: ]
[categorical_feature: ]
[forcedbins_filename: ]
[precise_float_parser: 0]
[parser_config_file: ]
[objective_seed: 5]
[num_class: 1]
[is_unbalance: 0]
[scale_pos_weight: 1]
[sigmoid: 1]
[boost_from_average: 1]
[reg_sqrt: 0]
[alpha: 0.9]
[fair_c: 1]
[poisson_max_delta_step: 0.7]
[tweedie_variance_power: 1.5]
[lambdarank_truncation_level: 30]
[lambdarank_norm: 1]
[label_gain: ]
[lambdarank_position_bias_regularization: 0]
[eval_at: 1,3,5,10]
[multi_error_top_k: 1]
[auc_mu_weights: ]
[num_machines: 1]
[local_listen_port: 12400]
[time_out: 120]
[machine_list_filename: ]
[machines: ]
[gpu_platform_id: -1]
[gpu_device_id: -1]
[gpu_use_dp: 0]
[num_gpu: 1]

end of parameters

pandas_categorical:null
