tree
version=v4
num_class=1
num_tree_per_iteration=1
label_index=0
max_feature_idx=5
objective=lambdarank
feature_names=Column_0 Column_1 Column_2 Column_3 Column_4 Column_5
feature_infos=[0:2905.4513999999999] [0.57915779999999994:0.99983480000000002] [0.0026757054000000001:246.63164] [0.53956939999999998:0.97769430000000002] [0:55.507313000000003] [0.52241254000000004:0.93272969999999999]
tree_sizes=3375 3374 3363 3399 3375 3373

Tree=0
num_leaves=31
num_cat=0
split_feature=1 1 1 5 1 0 3 3 1 4 1 2 0 5 0 5 2 2 1 0 1 4 0 0 4 1 3 0 5 0
split_gain=931.194 99.7509 79.5371 20.2119 15.8039 12.2139 12.1391 7.18878 7.30561 6.3441 7.07345 7.92297 6.13584 5.00628 4.78849 4.74793 4.67342 4.33202 4.13625 5.64073 3.9878 3.81894 5.07027 3.83281 3.79792 3.75225 3.74655 5.6375 3.72021 3.66006
threshold=0.75870837000000013 0.81871436500000005 0.72304772000000017 0.72499610000000014 0.87586095000000008 54.126747000000002 0.64432740000000011 0.7160778000000001 0.7780866500000001 2.5989682000000003 0.74280978000000009 13.687795500000002 111.08447500000001 0.71925640000000013 410.16728000000006 0.76402819000000011 17.328424500000004 18.221792000000004 0.69316460000000013 11.145059500000002 0.97896946500000015 14.995527500000001 100.36971800000002 321.33680000000004 9.356600000000002 0.84323847500000004 0.7022148250000001 55.884840000000004 0.67837012000000019 34.341410000000003
decision_type=2 2 2 2 2 2 2 2 2 2 2 2 2 2 2 2 2 2 2 2 2 2 2 2 2 2 2 2 2 2
left_child=2 3 18 7 25 -5 -4 14 -9 12 26 -12 28 16 17 -7 -13 24 -1 -20 -6 23 -23 -10 -2 29 27 -11 -8 -3
right_child=1 4 6 5 20 15 9 8 21 10 11 13 -14 -15 -16 -17 -18 -19 19 -21 -22 22 -24 -25 -26 -27 -28 -29 -30 -31
leaf_value=-0.19160627925509788 -0.021670446681231508 0.16558235530826187 0.10641171156352369 0.013492023148345854 0.17008445910303174 0.072302051889178737 -0.022896834310745684 -0.059820543015555186 0.037201075800954234 -0.019474222986493987 -0.13491928993250488 0.039065694403497768 -0.16382269811002259 0.028448766957299605 -0.14074301920186724 0.1283754883631881 -0.079949637863059864 0.10398745948936283 -0.11302844542160757 -0.17733948079995221 0.068852463492342406 0.047114411901346284 -0.14014963192406854 -0.074470770314609358 0.095446507285762705 0.13060179374403477 -0.12976120345832162 -0.16407556199219409 0.10805915480656957 0.086933041887189894
leaf_weight=110.09863017487805 8.0879647941328638 6.6827235647360785 3.814973317552357 24.705125685315579 106.31296462286264 34.624964421207551 5.2095535725820792 22.27795261121355 29.272379678441212 8.5119197970489022 9.4123531300574523 4.0692219808697763 1.9584758288692672 9.9172277152538282 1.2563603660091747 26.779288670048118 17.439195526414551 11.40428727166727 18.420051998109557 52.538663115527015 4.039167736307717 2.4885025853291145 3.4508028763812035 3.4340318039758122 4.2102705594152203 67.283739850390702 32.55233080079779 3.9460345546249291 3.7171070347540081 51.636791711905971
leaf_count=2958 159 76 61 433 950 576 116 482 541 194 226 66 48 194 26 314 404 167 454 1484 50 46 66 106 84 750 857 121 66 724
internal_value=1.08033e-10 0.0965506 -0.139868 0.0386321 0.138768 0.0728676 -0.0685521 0.00430623 -0.0142118 -0.0754523 -0.0845714 -0.0544362 -0.00353304 -0.0303306 0.049508 0.0967565 -0.0574329 0.0595923 -0.179472 -0.160645 0.166379 0.0120801 -0.0616881 0.025476 0.0184243 0.11451 -0.111913 -0.0652764 0.0316339 0.0959453
internal_weight=689.553 407.947 281.606 171.992 235.955 86.1094 100.548 85.8826 60.9237 96.7334 85.8483 40.838 10.8851 31.4256 24.9589 61.4043 21.5084 23.7025 181.057 70.9587 110.352 38.6457 5.93931 32.7064 12.2982 125.603 45.0103 12.458 8.92666 58.3195
internal_count=12799 5550 7249 3000 2550 1323 2353 1677 1241 2292 2062 890 230 664 436 890 470 410 4896 1938 1000 759 112 647 243 1550 1172 315 182 800
is_linear=0
shrinkage=0.1


Tree=1
num_leaves=31
num_cat=0
split_feature=1 1 1 3 1 1 1 1 5 2 0 4 0 4 5 5 5 5 3 0 4 4 5 4 4 3 2 3 4 5
split_gain=1264.74 181.875 140.746 47.072 23.8494 20.9266 20.2782 24.519 20.1432 16.5875 15.7164 15.7898 14.7458 15.3478 14.3174 14.2439 14.1572 13.8753 13.2191 14.9116 12.9146 11.8954 24.7464 11.3152 10.8688 10.3815 12.2613 10.5993 10.368 9.87574
threshold=0.78297412000000011 0.7224156850000002 0.85483957500000007 0.82591987500000019 0.75253606000000006 0.79664206500000012 0.91312205000000002 0.96651554500000014 0.85960710000000018 64.782510000000016 660.96900000000016 12.899453500000002 45.770952000000008 18.204873000000003 0.74845575000000009 0.75783230000000013 0.75666058000000003 0.78381550500000008 0.63541077500000009 98.002612500000012 23.603115500000005 18.761123500000004 0.80704057500000015 22.923537000000003 5.8671069000000005 0.64568770000000009 9.6188282500000017 0.70376205000000003 27.388758500000005 0.69353628000000012
decision_type=2 2 2 2 2 2 2 2 2 2 2 2 2 2 2 2 2 2 2 2 2 2 2 2 2 2 2 2 2 2
left_child=1 -1 3 5 18 -2 12 -8 -9 17 11 16 -4 -14 25 -13 -11 28 -3 -20 -10 -19 23 -23 -5 -6 -27 29 -7 -28
right_child=2 4 6 24 14 9 7 8 20 10 -12 15 13 -15 -16 -17 -18 21 19 -21 -22 22 -24 -25 -26 26 27 -29 -30 -31
leaf_value=-0.15232325088271906 -0.020400046647702886 0.03790547571720327 0.16199831928172004 -0.058993320327300348 0.094305605853446425 0.023077015302612882 0.14366966244012766 0.10834805532725458 0.060269518227178458 0.0075242837585991476 -0.16174765044610595 -0.063344808613096895 0.065495009315002392 0.10754397497583108 0.015260997884932476 0.11996398635571558 -0.1861587999743953 0.10292555056680758 -0.071291635899241049 -0.13898134273641011 -0.15310933142041122 0.00079033180627354643 -0.070898193236730828 0.16594838474284912 0.10598110941615294 -0.11395227708769767 -0.037832016640315907 -0.052335350932437255 0.14709459730760122 0.078211784746368959
leaf_weight=346.16198684996925 102.91185586992651 9.1244417354464513 25.217292316257954 4.188124416396021 5.1247623227536669 263.05738292308524 160.51432365551591 19.547095313668255 5.0967784170061332 8.6995033808052522 7.3770816661417475 6.3231503460556295 209.9316272418946 147.99814619868994 48.353834824636579 12.86077789030969 6.6654707826673976 51.140675541013479 158.62055619526654 40.945567605085671 6.3959977403283119 6.5917874388396767 14.619580538943408 11.190275896340607 85.909596060402691 25.669139949604869 16.286107913590971 120.55425517819822 6.9183568637818089 13.341525290161369
leaf_count=4845 649 37 71 25 25 1268 350 55 20 45 25 52 548 381 263 40 23 180 1418 549 25 25 56 23 364 201 120 1017 25 74
internal_value=-2.58736e-10 -0.0981499 0.0661712 0.0317946 -0.0553374 0.0197688 0.101371 0.127937 0.0465783 0.0302225 -0.0292495 -0.000957688 0.0880887 0.0828816 -0.033078 0.0595442 -0.0764973 0.0372757 -0.0797982 -0.0851797 -0.0584808 0.07289 0.0254838 0.104725 0.0983124 -0.0459934 -0.050082 -0.0391653 0.0262551 0.0144233
internal_weight=1947.34 784.182 1163.15 588.454 438.02 498.356 574.701 191.554 31.0399 395.444 41.926 34.5489 383.147 357.93 229.33 19.1839 15.365 353.518 208.691 199.566 11.4928 83.5423 32.4016 17.7821 90.0977 180.976 175.851 150.182 269.976 29.6276
internal_count=12799 8549 4250 2800 3704 2411 1450 450 100 1762 185 160 1000 929 1700 92 68 1577 2004 1967 45 284 104 48 389 1437 1412 1211 1293 194
is_linear=0
shrinkage=0.1


Tree=2
num_leaves=31
num_cat=0
split_feature=1 1 1 5 0 3 1 0 3 2 1 1 5 3 2 1 1 1 5 5 1 2 2 4 0 0 0 2 0 3
split_gain=864.689 123.505 104.825 36.7728 25.643 20.7673 14.3307 13.4307 12.8439 15.5251 20.0376 18.3229 12.009 13.009 12.6296 11.9847 11.6853 10.481 11.2663 10.3759 12.2201 11.3688 9.32958 9.32278 9.17356 12.1405 12.6095 14.2607 9.10466 8.84538
threshold=0.77372621500000005 0.85216308000000007 0.7224156850000002 0.76015187000000017 50.899638000000003 0.76803971500000012 0.90696037000000007 66.917895000000016 0.84038425000000017 39.830783500000003 0.80992055000000007 0.79664206500000012 0.75147080000000011 0.63541077500000009 8.142903500000001 0.74207352000000015 0.81461143500000011 0.95202375000000006 0.78229725000000017 0.67895841500000009 0.84875380000000011 58.364565000000006 12.732220000000002 19.448585500000004 435.83447000000007 79.748392500000008 54.126747000000002 31.114347500000004 179.38614500000003 0.86588907000000004
decision_type=2 2 2 2 2 2 2 2 2 2 2 2 2 2 2 2 2 2 2 2 2 2 2 2 2 2 2 2 2 2
left_child=2 3 22 16 5 -5 7 -3 9 -6 11 -11 13 14 -4 -14 -2 18 29 -18 21 24 -1 -7 25 26 27 -21 -12 -8
right_child=1 6 12 4 8 23 17 -9 -10 10 28 -13 15 -15 -16 -17 19 -19 -20 20 -22 -23 -24 -25 -26 -27 -28 -29 -30 -31
leaf_value=-0.11124357285539091 -0.01264207930755696 0.12851654956266786 -0.080290073988608449 -0.12070890490581974 0.090617008030113938 -0.0034257830023033116 0.054251778542680741 0.07044295208638815 0.1376139038791028 -0.067066301116093713 -0.0652618926689192 0.14352299695960524 -0.13615112424989467 -0.064576120463480477 0.13968273181299137 0.029408435972786046 0.088572877975905517 0.069656115815622296 0.14535280583896423 0.067571610200201263 -0.093905083422196944 -0.053604346290858078 -0.14849047104119659 0.13844032826133279 0.13031859239891355 -0.0083112802489822939 0.13542596233820064 -0.12542952775560368 0.026331157854343975 0.17332945741261929
leaf_weight=100.61039243498817 203.99281107028946 46.676081700250506 4.4841624964028579 13.214033596217631 79.274656227789819 16.303304534405473 28.478552933782339 271.26233068667352 25.312047867104411 5.2668826840817955 19.726731922477484 19.168262124527246 5.1828632578253737 264.49324652948417 6.245103795081377 27.960347777698189 21.666047852486372 40.104975673370063 99.023206206038594 14.251884495839478 9.7587723806500417 16.391339218243957 202.8019892310258 6.4707126412540665 9.4196586683392507 45.25548183824867 16.048572793602943 5.2345936074852935 24.125370939262211 7.9878675490617743
leaf_count=1411 1599 143 28 82 332 97 72 857 108 32 107 57 65 2896 23 192 102 150 256 75 40 106 3434 28 43 242 65 20 115 22
internal_value=-2.98315e-11 0.0553013 -0.0944092 0.0227524 0.0558145 -0.0209818 0.0916323 0.0789687 0.0718016 0.0605125 0.0255641 0.0981314 -0.0533491 -0.0601973 0.0477479 0.00351859 0.0025623 0.114562 0.127854 0.0250332 0.0132023 0.0230074 -0.13614 0.0368822 0.0369279 0.0260391 0.0697858 0.0157263 -0.0148717 0.0803354
internal_weight=1656.19 1044.41 611.778 550.881 208.862 35.9881 493.533 317.938 172.874 147.562 68.2872 24.4351 308.366 275.223 10.7293 33.1432 342.019 175.595 135.49 138.026 116.36 106.602 303.412 22.774 90.2102 80.7905 35.5351 19.4865 43.8521 36.4664
internal_count=12799 4750 8049 3250 958 207 1500 1000 751 643 311 89 3204 2947 51 257 2292 500 350 693 591 551 4845 125 445 402 160 95 222 94
is_linear=0
shrinkage=0.1


Tree=3
num_leaves=31
num_cat=0
split_feature=1 1 1 1 1 1 3 3 5 1 4 5 5 1 1 3 1 1 2 0 1 0 3 4 0 0 1 0 2 5
split_gain=660.841 88.3584 76.1661 17.7489 17.6589 15.1881 12.8829 11.8625 10.515 9.49522 9.02852 8.77388 9.61627 10.9949 9.36279 10.4357 8.73528 10.1368 8.6166 8.39914 8.28995 10.1789 12.0368 9.709 8.37641 7.57573 7.92659 8.16242 7.4018 9.42538
threshold=0.77095187500000006 0.84323847500000004 0.72304772000000017 0.79664206500000012 0.91312205000000002 0.97896946500000015 0.67982923500000003 0.83405150000000006 0.67038405000000012 0.74207352000000015 2.7710242500000004 0.76160407000000008 0.68700052000000011 0.81461143500000011 0.83941817000000019 0.8056224500000001 0.72955358000000003 0.75085842500000011 20.125900500000004 224.36531000000002 0.68918216500000018 37.438208500000009 0.69074785000000005 9.2805675000000019 5.5550483000000002 5.2347461500000003 0.79013730000000015 12.260314000000003 42.936807500000008 0.77733613000000013
decision_type=2 2 2 2 2 2 2 2 2 2 2 2 2 2 2 2 2 2 2 2 2 2 2 2 2 2 2 2 2 2
left_child=2 3 20 7 -3 -6 8 25 16 10 -8 12 -5 19 15 28 -4 -18 -17 -14 -1 22 23 24 -22 -2 27 -27 -13 -30
right_child=1 4 6 11 5 -7 9 -9 -10 -11 -12 14 13 -15 -16 18 17 -19 -20 -21 21 -23 -24 -25 -26 26 -28 -29 29 -31
leaf_value=-0.14242313116217492 -0.11095420349484392 0.068353805171469023 0.052926818009011972 0.062237156234172454 0.11998367873043625 -0.010284602693777997 -0.0099144085011020466 0.091655092323860987 0.04304895181306654 -0.044896895948227024 -0.10176078149625019 0.054519325108948996 -0.0030765040502765441 0.031114748272185473 -0.052145442849183599 -0.058638891876655552 -0.14865661529672825 0.029509004353723219 0.10181635129082617 -0.0879937047814182 -0.10047857097947865 -0.14046197199926616 -0.11540902276885501 -0.11315834867465301 0.055586597961800467 0.1039874769469975 -0.048640023676438576 -0.0034126047963417465 0.06774116350091626 -0.080035047814588964
leaf_weight=147.75518697896041 7.8389290161430827 342.23566369852051 5.5384005783125785 39.829630847554654 127.41956593468785 9.6261956403031927 12.634863333776591 11.15385205298662 23.984451956115663 138.78609245782718 69.986557812895626 43.390682582743466 42.594946161843836 77.386871882714331 7.8488544980064026 3.5727038457989684 10.41063680872321 4.6063451897352925 52.926896987482905 16.031741134822369 4.6861482097301694 51.725106987636536 41.351070108590648 9.0993265118449909 12.923561202362178 7.6499677118845275 38.443578850477934 94.374130490235984 7.1338891871273544 10.927109751850365
leaf_count=2703 65 1300 41 233 400 50 110 60 200 1513 988 233 336 470 49 16 106 45 219 135 83 1083 735 163 129 45 318 862 43 66
internal_value=1.82142e-11 0.0504345 -0.0889015 0.0191833 0.0805005 0.110834 -0.0510036 -0.00780076 -0.00193189 -0.0608752 -0.0877152 0.0334481 0.0190227 0.00636802 0.0536119 0.0606493 -0.0544165 -0.0940057 0.0916701 -0.0262975 -0.126574 -0.107024 -0.0816107 -0.0292839 0.0140558 -0.0152806 -0.00994149 0.00464046 0.0321283 -0.0216651
internal_weight=1473.87 940.385 533.488 461.104 479.281 137.046 265.947 159.46 44.5398 221.408 82.6214 301.643 175.843 136.014 125.8 117.951 20.5554 15.017 56.4996 58.6267 267.54 119.785 68.0601 26.709 17.6097 148.307 140.468 102.024 61.4517 18.061
internal_count=12799 4900 7899 3150 1750 450 3003 1350 392 2611 1098 1800 1174 941 626 577 192 151 235 471 4896 2193 1110 375 212 1290 1225 907 342 109
is_linear=0
shrinkage=0.1


Tree=4
num_leaves=31
num_cat=0
split_feature=1 1 1 5 1 3 0 1 5 1 1 2 3 0 0 0 1 4 1 4 1 4 0 0 2 4 0 3 5 2
split_gain=500.984 85.4698 37.8254 29.0345 16.9656 12.2284 9.64364 7.9761 7.9253 7.75764 6.87253 8.05864 6.67461 7.09307 6.55137 6.5445 9.95767 9.55977 8.59756 7.26576 8.9083 6.52643 7.9029 6.43209 6.64609 9.2346 6.42348 6.29546 8.77664 6.98695
threshold=0.75647258500000014 0.84323847500000004 0.7224156850000002 0.73725009000000008 0.90696037000000007 0.63541077500000009 105.18115750000003 0.95202375000000006 0.8157407000000001 0.79363310000000009 0.82504585000000008 43.647625000000012 0.85921811500000012 115.41906000000002 98.002612500000012 92.760600000000011 0.87586095000000008 8.3256755000000009 0.86830842500000005 5.6185682500000009 0.87300433000000011 6.0080425500000008 8.4516905000000015 166.70959500000001 66.648530000000008 16.912800000000001 96.649730000000019 0.70376205000000003 0.69982266500000001 37.53768250000001
decision_type=2 2 2 2 2 2 2 2 2 2 2 2 2 2 2 2 2 2 2 2 2 2 2 2 2 2 2 2 2 2
left_child=2 3 -1 9 15 -4 8 -6 10 -2 -5 -12 13 -8 21 16 18 19 -3 -17 -21 22 -7 -15 -25 -26 -19 28 -24 -29
right_child=1 4 5 6 7 14 12 -9 -10 -11 11 -13 -14 23 -16 17 -18 26 -20 20 -22 -23 27 24 25 -27 -28 29 -30 -31
leaf_value=-0.12047225804315327 -0.028009628438022918 0.076794417198085121 0.076129981830723392 -0.0063396087688416944 0.11584430393912806 -0.098856164747562258 0.12968721408826497 0.05866745709733362 0.10950665954832761 0.0070085925979503864 0.082823760903466437 -0.064428853025670099 0.13852725400327537 -0.00085836537412728421 -0.10165979062996658 0.099238829202896769 0.13286283218177813 -0.064321278360198561 -0.035633124698444749 0.020754184341516491 -0.13913040607460056 -0.072285068086213808 -0.016897804841386289 0.067925764926908036 -0.084261258326738322 0.086074906005080401 0.059133850579159632 -0.065931274671327006 0.13064618165313294 0.061677194433059072
leaf_weight=229.02673294418491 139.54198959469795 38.506015563383698 6.5229006111621848 80.781813570763916 99.654686287976801 11.774173201993106 9.9510503513738495 32.307344656437635 8.2342578414827567 115.72708355821669 19.397514691576365 4.5973540982231489 8.9342264123260957 26.966906967805699 35.253276704344898 4.0359411314129856 27.387146489694715 4.2990591712296 8.2611937262117845 7.5519312536343914 6.4707523370161653 73.655376737704501 10.273419970646502 68.430552586913109 7.3196782181039435 5.6314432695508003 214.41966005647555 19.571415500715378 6.6358077302575103 5.4954996882006517
leaf_count=4845 1476 178 39 604 350 121 48 150 54 889 96 30 31 207 652 22 96 14 36 36 24 1017 114 423 61 31 844 233 30 48
internal_value=1.30977e-10 0.0398812 -0.093983 0.0113492 0.0718031 -0.0581236 0.036301 0.101846 0.0150424 -0.012134 0.00761856 0.0546105 0.0551832 0.0488889 -0.0635074 0.0590526 0.0849769 0.0509336 0.0569347 -0.0189949 -0.0530244 -0.0529506 -0.0264561 0.0414681 0.0554936 -0.0101952 0.0567073 -0.00614817 0.0410039 -0.0379553
internal_weight=1336.62 938.408 398.209 495.514 442.894 169.182 240.245 131.962 113.011 255.269 104.777 23.9949 127.234 118.3 162.659 310.932 74.1544 236.777 46.7672 18.0586 14.0227 127.406 53.7503 108.349 81.3817 12.9511 218.719 41.9761 16.9092 25.0669
internal_count=12799 5700 7099 3950 1750 2254 1585 500 784 2365 730 126 801 770 2215 1250 310 940 214 82 60 1563 546 722 515 92 858 425 144 281
is_linear=0
shrinkage=0.1


Tree=5
num_leaves=31
num_cat=0
split_feature=1 1 1 1 3 0 1 5 3 5 0 1 0 4 0 0 1 1 1 3 0 3 0 4 3 4 2 0 5 5
split_gain=392.207 63.8514 42.6975 13.5923 11.3237 10.6071 9.00726 8.07731 8.01788 8.84978 8.29111 8.13135 7.73711 7.70255 6.9783 8.2421 8.5539 8.84574 7.29688 6.53493 8.1973 6.622 6.25679 6.12807 6.06185 5.95816 11.4642 6.73558 6.06314 7.1214
threshold=0.7780866500000001 0.7224156850000002 0.84323847500000004 0.91312205000000002 0.82591987500000019 5.2347461500000003 0.97896946500000015 0.73818636000000015 0.63727260000000008 0.70683980000000013 98.002612500000012 0.76161980000000018 228.74862000000005 17.035522500000003 107.70942750000002 125.24731800000002 0.90249431000000013 0.86542190000000019 0.84875380000000011 0.70298980000000011 5.8447358500000011 0.82280552000000007 171.74189500000003 5.7421380000000006 0.81596231500000005 12.101848000000002 58.364565000000006 210.17662000000004 0.81123423500000014 0.7854777500000002
decision_type=2 2 2 2 2 2 2 2 2 2 2 2 2 2 2 2 2 2 2 2 2 2 2 2 2 2 2 2 2 2
left_child=1 -1 4 13 7 -3 -5 24 -7 10 -10 19 -6 25 -15 -16 17 18 -17 23 -21 -22 -20 -11 -2 26 27 28 29 -4
right_child=2 5 3 6 12 8 -8 -9 9 11 -12 -13 -14 14 15 16 -18 -19 22 20 21 -23 -24 -25 -26 -27 -28 -29 -30 -31
leaf_value=-0.11335037540853776 -0.00091150379709972545 -0.10220984762430918 0.064412482781502578 0.10486498101770535 0.033716496241542014 0.060861395047315081 -0.0057390940673549959 0.028098158122934386 -0.036017914597539974 0.11201467245275097 -0.088022770263256486 0.018156695454422396 0.11460715010957684 0.11890272257969936 -0.059912649469849026 0.10862223169413075 -0.019428451699640366 0.098338645963422511 0.099672694463206535 0.18172410024871477 -0.076059350158477479 0.13906087801624262 -0.029443175587359229 -0.034654931684823413 -0.11541971689022329 0.02130322184993404 -0.03732871648420668 0.11650862768950987 0.14165365595027582 -0.032186256676637832
leaf_weight=204.54882765398361 144.78367576235905 24.427789149922319 25.411373636685312 102.0610226849094 32.971332925371826 8.7538257194682938 7.9354015365242949 153.27117198402993 96.76542974403128 4.8225461933761817 44.873061419930309 44.490304350852966 18.43625018466264 26.712529065087438 5.2864111624658099 8.8704786673188227 10.091297054663299 64.33264716155827 4.8865011557936695 1.3628421500325192 37.277957549085841 1.4880801159888495 16.181376874446869 6.9598893127404153 4.7755709839984766 79.339733895845711 10.436591604724525 24.981253810692579 6.302537157200276 10.907562846317886
leaf_count=4845 1291 294 124 400 224 57 50 1074 1209 31 783 397 103 141 27 35 41 214 20 4 565 13 84 101 58 370 73 110 24 37
internal_value=-2.13686e-10 -0.0711662 0.04467 0.0669017 0.0193318 -0.0393518 0.0968857 0.0119653 -0.0331301 -0.0365866 -0.0524938 -0.013215 0.0627262 0.0556737 0.0730702 0.0619046 0.0680751 0.077442 0.0325386 -0.0401019 -0.0593274 -0.0678017 0.000504067 0.0253769 -0.00456786 0.0406004 0.0602191 0.0752787 0.051113 0.0354013
internal_weight=1233.75 475.771 757.975 403.737 354.238 271.222 109.996 302.83 246.794 238.04 141.638 96.4016 51.4076 293.74 136.361 109.649 104.362 94.271 29.9384 51.9113 40.1289 38.766 21.0679 11.7824 149.559 157.379 78.0393 67.6027 42.6215 36.3189
internal_count=12799 8299 4500 1750 2750 3454 450 2423 3160 3103 1992 1111 327 1300 562 421 394 353 139 714 582 578 104 132 1349 738 368 295 185 161
is_linear=0
shrinkage=0.1


end of trees

feature_importances:
Column_1=58
Column_0=37
Column_5=26
Column_3=23
Column_4=20
Column_2=16

parameters:
[boosting: gbdt]
[objective: lambdarank]
[metric: ndcg]
[tree_learner: serial]
[device_type: cpu]
[data_sample_strategy: bagging]
[data: ]
[valid: ]
[num_iterations: 100]
[learning_rate: 0.1]
[num_leaves: 31]
[num_threads: 0]
[seed: 0]
[deterministic: 0]
[force_col_wise: 0]
[force_row_wise: 0]
[histogram_pool_size: -1]
[max_depth: -1]
[min_data_in_leaf: 20]
[min_sum_hessian_in_leaf: 0.001]
[bagging_fraction: 1]
[pos_bagging_fraction: 1]
[neg_bagging_fraction: 1]
[bagging_freq: 0]
[bagging_seed: 3]
[bagging_by_query: 0]
[feature_fraction: 1]
[feature_fraction_bynode: 1]
[feature_fraction_seed: 2]
[extra_trees: 0]
[extra_seed: 6]
[early_stopping_round: 0]
[early_stopping_min_delta: 0]
[first_metric_only: 0]
[max_delta_step: 0]
[lambda_l1: 0]
[lambda_l2: 0]
[linear_lambda: 0]
[min_gain_to_split: 0]
[drop_rate: 0.1]
[max_drop: 50]
[skip_drop: 0.5]
[xgboost_dart_mode: 0]
[uniform_drop: 0]
[drop_seed: 4]
[top_rate: 0.2]
[other_rate: 0.1]
[min_data_per_group: 100]
[max_cat_threshold: 32]
[cat_l2: 10]
[cat_smooth: 10]
[max_cat_to_onehot: 4]
[top_k: 20]
[monotone_constraints: ]
[monotone_constraints_method: basic]
[monotone_penalty: 0]
[feature_contri: ]
[forcedsplits_filename: ]
[refit_decay_rate: 0.9]
[cegb_tradeoff: 1]
[cegb_penalty_split: 0]
[cegb_penalty_feature_lazy: ]
[cegb_penalty_feature_coupled: ]
[path_smooth: 0]
[interaction_constraints: ]
[verbosity: -1]
[saved_feature_importance_type: 0]
[use_quantized_grad: 0]
[num_grad_quant_bins: 4]
[quant_train_renew_leaf: 0]
[stochastic_rounding: 1]
[linear_tree: 0]
[max_bin: 255]
[max_bin_by_feature: ]
[min_data_in_bin: 3]
[bin_construct_sample_cnt: 200000]
[data_random_seed: 1]
[is_enable_sparse: 1]
[enable_bundle: 1]
[use_missing: 1]
[zero_as_missing: 0]
[feature_pre_filter: 1]
[pre_partition: 0]
[two_round: 0]
[header: 0]
[label_column: ]
[weight_column: ]
[group_column: ]
[ignore_column: ]
[categorical_feature: ]
[forcedbins_filename: ]
[precise_float_parser: 0]
[parser_config_file: ]
[objective_seed: 5]
[num_class: 1]
[is_unbalance: 0]
[scale_pos_weight: 1]
[sigmoid: 1]
[boost_from_average: 1]
[reg_sqrt: 0]
[alpha: 0.9]
[fair_c: 1]
[poisson_max_delta_step: 0.7]
[tweedie_variance_power: 1.5]
[lambdarank_truncation_level: 30]
[lambdarank_norm: 1]
[label_gain: ]
[lambdarank_position_bias_regularization: 0]
[eval_at: 1,3,5]
[multi_error_top_k: 1]
[auc_mu_weights: ]
[num_machines: 1]
[local_listen_port: 12400]
[time_out: 120]
[machine_list_filename: ]
[machines: ]
[gpu_platform_id: -1]
[gpu_device_id: -1]
[gpu_use_dp: 0]
[num_gpu: 1]

end of parameters

pandas_categorical:null
