tree
version=v4
num_class=1
num_tree_per_iteration=1
label_index=0
max_feature_idx=5
objective=lambdarank
feature_names=Column_0 Column_1 Column_2 Column_3 Column_4 Column_5
feature_infos=[0:2905.4513999999999] [0.55642630000000004:0.99982952999999997] [0.0029409369999999998:246.63164] [0.53998710000000005:0.95300627000000004] [0:51.864640000000001] [0.52241254000000004:0.93272969999999999]
tree_sizes=3379 3360

Tree=0
num_leaves=31
num_cat=0
split_feature=1 1 1 1 5 1 1 0 3 5 4 3 5 3 0 0 1 2 2 4 2 0 0 4 3 2 0 1 1 0
split_gain=926.06 119.882 77.0497 17.9813 15.8331 10.5609 6.29251 7.84071 7.54404 5.86384 5.35817 5.70912 8.32036 4.99838 4.98842 4.95122 4.94866 4.38985 3.96167 4.24475 3.9492 6.05403 3.92653 3.89183 3.35473 3.30822 4.66245 3.29469 3.03405 2.92447
threshold=0.76230943000000007 0.8178364050000001 0.72219742500000017 0.85846161500000007 0.76400710000000005 0.74526381500000005 0.69488645000000016 10.842145000000002 0.66727245000000013 0.6619558350000001 10.094740000000002 0.70301377000000009 0.65445996500000014 0.70582211000000006 10.432320000000002 218.40406500000003 0.77258240000000011 9.6474780000000013 65.652965000000009 20.172609000000005 24.003538000000002 88.683237500000018 5.9708812000000009 11.228992000000002 0.82631658500000016 22.553107500000003 14.697441000000001 0.7301863500000001 0.89407348000000009 169.57290500000002
decision_type=2 2 2 2 2 2 2 2 2 2 2 2 2 2 2 2 2 2 2 2 2 2 2 2 2 2 2 2 2 2
left_child=2 4 6 18 13 10 -1 8 9 -8 11 12 27 -2 -10 23 -17 -7 -3 -20 29 -22 -14 25 -21 26 -15 -4 -5 -19
right_child=1 3 5 28 -6 17 7 -9 14 -11 -12 -13 22 15 -16 16 -18 20 19 24 21 -23 -24 -25 -26 -27 -28 -29 -30 -31
leaf_value=-0.19010730946669852 0.055228895689099826 0.11544191926239128 -0.019607712075401199 0.14693824387288418 0.091205567372161747 -0.10936303314934182 -0.097698558736674407 -0.17254162202868187 -0.14748088210859553 0.13321609463100104 -0.13435479572122339 -0.10320376154824994 -0.1204518445743003 -0.091770757425530827 0.1060143717497749 -0.17255692378508941 -0.021765870003510199 -0.0083032314012512817 0.0073624923929982711 0.022846392047879777 -0.00032575646460023889 -0.11036049134248903 0.063400394048526307 0.03948031698170696 0.17948468656440664 -0.025065017506259099 0.048913339180329543 -0.16296627666305363 0.17543166015648237 0.094355036863317296
leaf_weight=114.82422901195241 23.849875245825388 84.505818275618367 2.5291149010881773 68.520505049847998 33.50574664992746 6.803573435638099 2.1771100531332221 47.165468779741786 12.631019504275169 2.2222033673897386 24.150227603968233 27.454423128277995 1.3701512645930032 2.7541618035174933 0.82712261425331313 2.5060048240702626 16.546608314558398 17.284450639097489 7.5477230059914273 2.1840953137725592 10.211576408939438 9.7976807511877251 7.6331748394295573 36.442731957184151 3.6560986805707216 29.069348140968941 16.28376315231435 4.3785277658607811 82.205501284101047 3.3056988056050605
leaf_count=3060 414 1018 53 650 482 156 41 1320 323 38 567 653 31 69 13 63 381 359 128 23 241 246 154 610 31 542 289 97 700 48
internal_value=-1.07516e-10 0.0972741 -0.135163 0.140805 0.0300353 -0.0712035 -0.176031 -0.151175 -0.0947399 0.0189422 -0.0966048 -0.0755818 -0.02792 0.0139543 -0.131901 0.00445268 -0.0415995 -0.0350246 0.107435 0.0568933 -0.0225671 -0.0542051 0.0354212 0.0148301 0.120906 -0.00384312 0.028561 -0.110478 0.162478 0.00817831
internal_weight=704.344 409.578 294.766 248.62 160.958 114.919 179.847 65.0229 17.8575 4.39931 67.5156 43.3654 15.911 127.452 13.4581 103.603 19.0526 47.403 97.8937 13.3879 40.5994 20.0093 9.00333 84.55 5.84019 48.1073 19.0379 6.90764 150.726 20.5901
internal_count=12800 5400 7400 2550 2850 2605 4795 1735 415 79 1555 988 335 2368 336 1954 444 1050 1200 182 894 487 185 1510 54 900 358 150 1350 407
is_linear=0
shrinkage=0.1


Tree=1
num_leaves=31
num_cat=0
split_feature=1 1 1 1 1 0 5 1 2 3 1 0 0 4 1 0 2 0 4 1 4 4 3 4 4 2 0 5 4 0
split_gain=1292.4 228.22 116.352 29.7174 36.1231 29.1632 33.3949 26.1984 23.7391 23.0825 17.6432 16.3457 15.5911 15.1242 14.3196 14.751 13.755 13.6994 11.9699 11.8919 14.798 11.8017 13.8068 10.9413 12.6445 10.7832 10.7464 11.9833 10.4178 10.38
threshold=0.79687832500000011 0.73338461500000018 0.86020300000000016 0.91424645000000015 0.95229852500000012 24.341497000000004 0.76161730000000005 0.70637025000000009 11.323108000000001 0.84270848000000009 0.8249927800000002 15.686967500000002 100.89676300000001 28.360078000000005 0.80144310000000007 41.339021500000008 10.608799000000003 141.30771500000003 9.3667820000000024 0.76037015000000008 1.5988079500000003 9.8298655000000021 0.68408750000000007 28.360078000000005 25.970144000000001 6.9949741500000009 472.94272500000005 0.81021165000000017 20.569105000000004 18.072758000000004
decision_type=2 2 2 2 2 2 2 2 2 2 2 2 2 2 2 2 2 2 2 2 2 2 2 2 2 2 2 2 2 2
left_child=1 7 5 12 -5 11 10 -1 29 19 14 -2 -4 26 16 -16 -7 18 -12 20 -3 -21 -23 24 -14 -22 27 -6 -19 -9
right_child=2 9 3 4 13 6 -8 8 -10 -11 17 -13 23 -15 15 -17 -18 28 -20 21 25 22 -24 -25 -26 -27 -28 -29 -30 -31
leaf_value=-0.15860357409978054 0.0011261730845458036 0.047926721438931341 0.12419921725992245 0.16466765947039153 0.1471350635031245 -0.11525119913947846 0.076549865822061663 -0.017393966451683368 -0.13576076237051748 0.10346796530291094 0.03065970395679625 -0.15030265152746058 0.073730321902009219 -0.045590916142787825 -0.14253479575207018 -0.0049138044933315743 0.10563239528288532 0.011481490033566848 0.12367331385952113 -0.053434229150405792 -0.14604311878802587 0.067786743876998498 -0.023590689000715578 0.13586863712628969 -0.041490812951859864 -0.062459638916098154 0.15700315717154656 0.025576905375454873 0.11819669026044277 -0.10447202108225027
leaf_weight=273.38563058339059 19.606833515688781 11.172629747539757 89.604784553870559 140.57637638226151 11.784872889518736 3.3116223178803947 211.11359381489456 31.683378238230944 104.84527848195285 10.941731872968374 23.033057691529393 11.200344939716159 222.36072662472725 9.0267758518457395 8.3722776975482684 111.69679084280506 18.962016775272787 78.398360274732113 34.648504865821451 131.37342447554693 17.161533677019179 18.643591685220599 146.22724206373096 27.163764998316765 9.9506033360958082 153.42151215020567 18.20812101662159 26.005460862070322 10.356357939541338 24.103499861434102
leaf_count=3774 92 76 218 300 24 19 768 228 1355 61 79 58 561 20 26 654 119 290 117 942 189 79 879 50 21 1424 42 64 28 243
internal_value=-1.54676e-10 -0.086992 0.0739741 0.106 0.13616 0.0405012 0.0463207 -0.139771 -0.107719 -0.0401419 0.0242214 -0.0539277 0.088236 0.0745295 -0.000849094 -0.01451 0.0727916 0.0485911 0.0865317 -0.0434292 -0.0635662 -0.0310745 -0.0132577 0.0758168 0.068795 -0.0708686 0.0938926 0.0634847 0.0239336 -0.0550173
internal_weight=2008.34 922.959 1085.38 554.681 205.602 530.7 499.893 434.018 160.632 488.942 288.779 30.8072 349.08 65.0252 142.343 120.069 22.2736 146.436 57.6816 478 181.756 296.244 164.871 259.475 232.311 170.583 55.9985 37.7903 88.7547 55.7869
internal_count=12800 9250 3550 1300 450 2250 2100 5600 1826 3650 1332 150 850 150 818 680 138 514 196 3589 1689 1900 958 632 582 1613 130 88 318 471
is_linear=0
shrinkage=0.1


end of trees

feature_importances:
Column_1=18
Column_0=14
Column_4=10
Column_2=7
Column_3=6
Column_5=5

parameters:
[boosting: gbdt]
[objective: lambdarank]
[metric: ndcg]
[tree_learner: serial]
[device_type: cpu]
[data_sample_strategy: bagging]
[data: ]
[valid: ]
[num_iterations: 100]
[learning_rate: 0.1]
[num_leaves: 31]
[num_threads: 0]
[seed: 0]
[deterministic: 0]
[force_col_wise: 0]
[force_row_wise: 0]
[histogram_pool_size: -1]
[max_depth: -1]
[min_data_in_leaf: 20]
[min_sum_hessian_in_leaf: 0.001]
[bagging_fraction: 1]
[pos_bagging_fraction: 1]
[neg_bagging_fraction: 1]
[bagging_freq: 0]
[bagging_seed: 3]
[bagging_by_query: 0]
[feature_fraction: 1]
[feature_fraction_bynode: 1]
[feature_fraction_seed: 2]
[extra_trees: 0]
[extra_seed: 6]
[early_stopping_round: 0]
[early_stopping_min_delta: 0]
[first_metric_only: 0]
[max_delta_step: 0]
[lambda_l1: 0]
[lambda_l2: 0]
[linear_lambda: 0]
[min_gain_to_split: 0]
[drop_rate: 0.1]
[max_drop: 50]
[skip_drop: 0.5]
[xgboost_dart_mode: 0]
[uniform_drop: 0]
[drop_seed: 4]
[top_rate: 0.2]
[other_rate: 0.1]
[min_data_per_group: 100]
[max_cat_threshold: 32]
[cat_l2: 10]
[cat_smooth: 10]
[max_cat_to_onehot: 4]
[top_k: 20]
[monotone_constraints: ]
[monotone_constraints_method: basic]
[monotone_penalty: 0]
[feature_contri: ]
[forcedsplits_filename: ]
[refit_decay_rate: 0.9]
[cegb_tradeoff: 1]
[cegb_penalty_split: 0]
[cegb_penalty_feature_lazy: ]
[cegb_penalty_feature_coupled: ]
[path_smooth: 0]
[interaction_constraints: ]
[verbosity: -1]
[saved_feature_importance_type: 0]
[use_quantized_grad: 0]
[num_grad_quant_bins: 4]
[quant_train_renew_leaf: 0]
[stochastic_rounding: 1]
[linear_tree: 0]
[max_bin: 255]
[max_bin_by_feature: ]
[min_data_in_bin: 3]
[bin_construct_sample_cnt: 200000]
[data_random_seed: 1]
[is_enable_sparse: 1]
[enable_bundle: 1]
[use_missing: 1]
[zero_as_missing: 0]
[feature_pre_filter: 1]
[pre_partition: 0]
[two_round: 0]
[header: 0]
[label_column: ]
[weight_column: ]
[group_column: ]
[ignore_column: ]
[categorical_feature: ]
[forcedbins_filename: ]
[precise_float_parser: 0]
[parser_config_file: ]
[objective_seed: 5]
[num_class: 1]
[is_unbalance: 0]
[scale_pos_weight: 1]
[sigmoid: 1]
[boost_from_average: 1]
[reg_sqrt: 0]
[alpha: 0.9]
[fair_c: 1]
[poisson_max_delta_step: 0.7]
[tweedie_variance_power: 1.5]
[lambdarank_truncation_level: 30]
[lambdarank_norm: 1]
[label_gain: ]
[lambdarank_position_bias_regularization: 0]
[eval_at: 1,3,5]
[multi_error_top_k: 1]
[auc_mu_weights: ]
[num_machines: 1]
[local_listen_port: 12400]
[time_out: 120]
[machine_list_filename: ]
[machines: ]
[gpu_platform_id: -1]
[gpu_device_id: -1]
[gpu_use_dp: 0]
[num_gpu: 1]

end of parameters

pandas_categorical:null
