tree
version=v4
num_class=1
num_tree_per_iteration=1
label_index=0
max_feature_idx=5
objective=lambdarank
feature_names=Column_0 Column_1 Column_2 Column_3 Column_4 Column_5
feature_infos=[0:2450.7930000000001] [0.55642630000000004:0.99983480000000002] [0.0026757054000000001:246.63164] [0.53956939999999998:0.97769430000000002] [0:55.507313000000003] [0.52241254000000004:0.93272969999999999]
tree_sizes=3375 3364 3387 3383 3372 3383 3377 3390 3394 3383

Tree=0
num_leaves=31
num_cat=0
split_feature=1 1 1 1 1 5 0 4 2 1 3 1 3 3 0 5 5 3 1 1 5 2 2 1 1 2 0 4 1 0
split_gain=930.267 113.361 64.8759 21.0215 13.399 8.93506 7.63067 7.05882 7.53923 6.64079 10.0187 5.64923 5.93683 5.54726 5.40768 5.08154 5.06068 4.84363 5.83019 5.72062 4.84231 4.36994 6.45688 4.2563 5.45216 6.28096 4.18648 5.87617 5.22219 3.41972
threshold=0.76091371500000016 0.84112690000000012 0.71707630000000011 0.81310452500000008 0.74979530000000005 0.7392536500000001 324.03817500000008 16.338440000000002 8.5254210000000015 0.69410098000000009 0.63168932000000011 0.78050411500000016 0.73448466500000009 0.69038415000000009 66.943955000000017 0.64379575000000011 0.7066437000000001 0.67866183000000013 0.73803484500000016 0.73512612500000007 0.67415227000000011 60.225278500000009 98.337875000000011 0.87615575000000012 0.97938680000000011 62.321205500000005 32.895759000000005 5.5789302500000009 0.69921040000000012 44.186261500000008
decision_type=2 2 2 2 2 2 2 2 2 2 2 2 2 2 2 2 2 2 2 2 2 2 2 2 2 2 2 2 2 2
left_child=2 3 9 5 17 6 11 8 -6 -1 15 12 -2 -8 -7 -11 -14 19 -19 20 29 -16 -23 -3 -25 -26 27 28 -12 -4
right_child=1 23 4 -5 7 14 13 -9 -10 10 26 -13 16 -15 21 -17 -18 18 -20 -21 -22 22 -24 24 25 -27 -28 -29 -30 -31
leaf_value=-0.19118742938487759 0.02398460789878952 0.13566403275989408 -0.017008642539904903 0.089923185243867304 -0.13946491361450283 0.017361857075867213 0.14040044365709728 -0.1680882815354057 0.005625912967681195 -0.14948074812280429 0.051191901651079966 0.037514882914250799 -0.10632551403064464 -0.12081276229179379 0.09879037983458229 0.13671370157289539 0.007271280628970974 -0.13198636018718612 -0.075008536519742527 -0.13733565970255415 0.061659324396287865 -0.055422284805233604 0.17996352149501579 0.17056103134294409 0.16091194805487832 -0.085256348347475044 -0.18743937455102136 -0.16779281871736412 -0.11297531028770771 -0.18210873357043492
leaf_weight=111.04870950279292 17.873299157479778 76.879063456086442 3.6620521852746588 79.62287969107274 4.1374161369167295 20.687424971023574 0.92510749492794175 3.2848463791888198 26.647186831803992 0.94868458923883681 2.6009003417566436 47.901273616356775 9.5351486045401561 6.7085922618862242 28.084363730275072 1.7928557477425782 6.6615727114258325 51.202495215577073 27.659791181620676 5.1965052369050673 5.0472166843246669 4.5156471757218233 1.570729170925915 108.06797128426842 2.4040234172716728 1.822048360481858 25.459235056769103 16.386979328002781 7.5986819500103593 1.9083502856083212
leaf_count=2958 333 800 85 1101 86 338 16 84 530 28 48 824 253 173 412 27 155 1215 659 115 89 83 14 949 24 25 731 404 190 51
internal_value=2.14413e-10 0.0967894 -0.135783 0.0486674 -0.0825213 0.0259287 0.00646956 -0.0287429 -0.0138741 -0.177132 -0.148642 0.0153749 -0.0157531 -0.089157 0.0577133 0.0376788 -0.0596041 -0.101874 -0.112002 -0.0513637 -0.009287 0.0821425 0.00532443 0.153792 0.166204 0.0547778 -0.158457 -0.130703 -0.0711126 -0.0735699
internal_weight=707.841 413.259 294.582 224.086 128.746 144.463 89.605 34.0694 30.7846 165.836 54.7873 81.9713 34.07 7.6337 54.8582 2.74154 16.1967 94.6764 78.8623 15.8141 10.6176 34.1707 6.08638 189.173 112.294 4.22607 52.0458 26.5866 10.1996 5.5704
internal_count=12800 5500 7300 3702 2914 2601 1754 700 616 4386 1428 1565 741 189 847 55 408 2214 1874 340 225 509 97 1798 998 49 1373 642 238 136
is_linear=0
shrinkage=0.1


Tree=1
num_leaves=31
num_cat=0
split_feature=1 1 1 1 1 5 3 1 2 2 4 0 5 2 5 1 0 1 4 0 5 0 1 4 0 3 2 4 4 4
split_gain=1309.24 209.836 150.696 39.4966 33.8281 28.1102 26.5023 25.0003 22.794 18.6085 17.229 16.0268 14.8595 14.7959 12.5899 12.4252 18.7809 12.3861 11.9922 11.068 11.4235 10.9814 10.5181 10.127 10.123 10.4453 9.7333 9.70222 8.91909 8.8821
threshold=0.78153730000000021 0.84294462000000003 0.73349225000000018 0.91457295000000005 0.96766996500000013 0.74871242500000001 0.82641185000000006 0.69410098000000009 11.855743500000001 7.4779716500000006 26.266002500000003 169.28369000000004 0.77814555000000019 78.78654250000001 0.81203508000000013 0.83360563500000007 164.31174500000003 0.90492093500000015 4.5050697500000014 63.524223500000012 0.60580255000000005 17.613015000000001 0.75071561000000009 16.782928500000004 35.626692500000011 0.68736638000000017 64.482252500000016 9.6734165000000019 4.4199892500000013 8.289158500000001
decision_type=2 2 2 2 2 2 2 2 2 2 2 2 2 2 2 2 2 2 2 2 2 2 2 2 2 2 2 2 2 2
left_child=2 6 7 14 -5 9 12 -1 24 -4 -6 -8 13 -2 29 21 -17 -16 -7 20 -11 -14 -20 -15 25 27 -19 28 -9 -3
right_child=1 3 5 4 10 18 11 8 -10 19 -12 -13 15 23 17 16 -18 26 22 -21 -22 -23 -24 -25 -26 -27 -28 -29 -30 -31
leaf_value=-0.16430440194126636 0.0043422105808270479 0.040994808958320271 -0.12608774453162197 0.15830929876271629 0.085310368118086718 -0.15457132660129036 0.024846406251055456 -0.045676405358371391 -0.140911443288425 0.1104946575152483 -0.090222196141986816 0.12068532072954632 -0.053974053282362371 -0.1551330698434169 0.12674842717909601 -0.14558916048387102 0.061073613173119358 0.11314467301248776 -0.10759247581767734 -0.073613793319440513 -0.038452562738127118 0.080203602525439122 0.049815204461106662 0.029328688965157779 -0.13324603185911146 -0.10522108567603977 -0.047091375039565501 -0.10794107680007609 0.069307050148498542 0.08377539809740675
leaf_weight=215.81250468175858 363.59006759547628 57.274442104622722 40.665620320476592 160.79515679460019 24.886040871031582 3.6834600120782843 33.360091423615813 13.715637532994153 139.41719886288047 5.3794070631265631 7.2122568972408763 36.583420915529132 6.788634479045867 9.9220961509272438 104.53484818153083 7.6670586802065399 10.311287499964235 7.3139474578201753 4.7482849494554094 131.04667122289538 120.28361949138343 60.089195342734456 40.057992558926344 4.2515443582087746 21.347404185682535 23.28852004930377 7.8699113167822361 9.2195783611386997 13.275744590908287 317.91959070693702
leaf_count=2958 1877 145 334 350 74 23 184 94 1858 21 24 154 33 59 269 40 34 22 73 1235 923 247 241 24 250 237 21 69 84 843
internal_value=5.93661e-10 0.0647269 -0.101019 0.101215 0.139599 -0.0517249 0.0176029 -0.140115 -0.116414 -0.0632369 0.0458695 0.0749742 0.00892893 0.000434747 0.0862543 0.0467434 -0.0270599 0.11449 0.0188753 -0.0532807 -0.0320764 0.0665835 0.0331341 -0.0998017 -0.0741704 -0.0529751 0.0300931 -0.019374 0.0108783 0.0772448
internal_weight=2002.31 1220.37 781.942 687.806 192.893 345.865 532.563 436.077 220.264 297.375 32.0983 69.9435 462.62 377.764 494.913 84.8562 17.9783 119.719 48.4897 256.71 125.663 66.8778 44.8063 14.1736 80.8469 59.4995 15.1839 36.211 26.9914 375.194
internal_count=12800 4400 8400 1748 448 2850 2652 5550 2592 2513 98 338 2314 1960 1300 354 74 312 337 2179 944 280 314 83 734 484 43 247 178 988
is_linear=0
shrinkage=0.1


Tree=2
num_leaves=31
num_cat=0
split_feature=1 1 1 1 1 5 0 2 1 1 2 0 5 5 2 4 0 1 1 2 4 3 2 5 0 0 5 5 0 4
split_gain=926.269 203.919 54.9115 43.4247 19.9316 18.0027 16.2092 13.9919 12.5083 12.4594 15.3152 11.9344 10.2333 12.9802 9.80352 9.65893 9.4668 11.7278 8.95566 8.95141 8.71326 8.63443 20.3355 10.6414 9.82129 16.3685 10.775 12.7358 8.41551 8.39003
threshold=0.76187646500000017 0.85860360000000013 0.72227002000000018 0.81310452500000008 0.88720180000000004 0.73321403000000018 88.982732000000013 10.635964500000002 0.74979530000000005 0.96766996500000013 62.321205500000005 145.67579000000003 0.68184305000000012 0.69441891500000008 12.792875000000002 9.9054467500000012 553.76928000000009 0.75700832500000004 0.69410098000000009 22.410796000000001 24.147642000000005 0.83745348000000008 58.869430500000007 0.75730335500000012 53.049788500000012 39.012373500000002 0.75443197000000006 0.78388977000000015 324.03817500000008 1.7366481500000002
decision_type=2 2 2 2 2 2 2 2 2 2 2 2 2 2 2 2 2 2 2 2 2 2 2 2 2 2 2 2 2 2
left_child=2 3 14 5 11 7 -7 -2 -4 -6 -11 -3 -5 19 18 -13 17 -10 -1 -14 21 22 24 -23 25 26 -15 -28 29 -9
right_child=1 4 8 12 9 6 -8 28 16 10 -12 15 13 20 -16 -17 -18 -19 -20 -21 -22 23 -24 -25 -26 -27 27 -29 -30 -31
leaf_value=-0.13745218538116497 -0.093078807126888166 0.10734577764536857 -0.088136180858163785 0.097160996378368614 0.12595663034462473 -0.017069873529327626 0.04794155971198602 -0.12216955408088673 -0.014315224635022767 0.097756325152497089 -0.089560621093632595 -0.048999013930783056 0.064512622046722604 0.098726598877307545 -0.14943194090739417 0.063395896125676546 0.1232301731961726 -0.095046542162871173 -0.080218566579382006 -0.10961589606411348 0.094649838369458547 0.012425144914636158 -0.040889242392861153 0.12537254916839877 0.052624657632768627 -0.09576680091132117 -0.096272306188405266 0.065858980062684952 -0.10202966291064552 -0.0063790785201904045
leaf_weight=62.038460830226541 28.483163378201425 72.324901852756739 152.90452669560909 30.410510061308742 255.87992224469781 72.252725364640355 81.736896188464016 6.5326081691309801 45.185874887742102 16.519454622641209 5.9322910606861106 8.3426619647070748 4.2148154946044079 15.457228544168172 196.00801166100428 91.566534008830786 3.4380342233926049 29.901815655641258 48.881407195469365 9.8553597219288331 27.340398298576474 13.582325660623608 35.725887757726014 21.618289336562157 160.35452170018107 12.804795555770395 9.4557936340570468 9.9360182881355268 10.931039956863968 148.72661099536344
leaf_count=908 230 224 1856 142 700 464 491 53 441 57 41 40 17 60 3300 286 16 293 536 51 98 59 196 95 700 60 37 36 163 1150
internal_value=-9.78573e-11 0.050679 -0.108255 0.0168808 0.103144 -0.00811111 0.0174379 -0.0283207 -0.0714758 0.119689 0.0482627 0.0764072 0.0417236 0.0364609 -0.135988 0.0540106 -0.0390349 -0.0464645 -0.11223 -0.0574545 0.0407753 0.0354947 0.0288085 0.0817913 0.0407792 0.000919344 0.0364453 -0.0131991 -0.0172219 -0.011251
internal_weight=1688.34 1149.98 538.358 699.419 450.566 348.663 153.99 194.673 231.43 278.332 22.4517 172.234 350.756 320.345 306.928 99.9092 78.5257 75.0877 110.92 14.0702 306.275 278.935 243.734 35.2006 208.008 47.6538 34.849 19.3918 166.19 155.259
internal_count=12800 5450 7350 4102 1348 2551 955 1596 2606 798 98 550 1551 1409 4744 326 750 734 1444 68 1341 1243 1089 154 893 193 133 73 1366 1203
is_linear=0
shrinkage=0.1


Tree=3
num_leaves=31
num_cat=0
split_feature=1 1 1 1 1 1 5 1 1 2 3 2 1 3 3 4 4 1 5 1 5 2 2 2 0 2 1 2 4 3
split_gain=691.561 157.6 46.1287 21.6879 19.4374 12.4252 11.3331 9.06089 8.6859 8.27674 8.09798 9.39279 12.76 7.96108 7.67873 8.58391 11.2747 7.62547 7.29793 11.8639 9.58067 7.5659 7.01544 6.62119 6.61795 7.61936 7.20958 6.30741 6.2363 9.37487
threshold=0.76187646500000017 0.84294462000000003 0.7122044500000001 0.89355492500000011 0.81310452500000008 0.74979530000000005 0.75024200000000019 0.97938680000000011 0.81080805000000011 32.189564000000011 0.84179640000000011 40.383696500000006 0.83360563500000007 0.79151403000000009 0.67337725000000004 24.147642000000005 10.545008000000001 0.81942775000000012 0.81432305000000016 0.8901106000000002 0.83443117000000011 20.746916500000005 15.754682500000001 10.635964500000002 30.188516000000003 3.8856067000000007 0.83480405000000013 21.304497500000004 4.2756972500000012 0.69713093500000012
decision_type=2 2 2 2 2 2 2 2 2 2 2 2 2 2 2 2 2 2 2 2 2 2 2 2 2 2 2 2 2 2
left_child=2 4 -1 13 6 -4 23 -5 9 14 11 22 17 -3 -8 16 27 -13 19 21 -20 -15 24 28 -6 -26 -27 -16 29 -2
right_child=1 3 5 7 10 -7 8 -9 -10 -11 -12 12 -14 18 15 -17 -18 -19 20 -21 -22 -23 -24 -25 25 26 -28 -29 -30 -31
leaf_value=-0.13153915437135438 -0.11593844425857035 0.090043561046567022 -0.083412585996154004 0.11534812807222382 0.093156340447855826 -0.034331472892973301 0.13880061877104261 -0.0070252648382723264 -0.078534546056204524 0.061091898154781214 0.097560729632835116 -0.042235544212512383 -0.079618749055403337 0.12218091320792956 -0.026779221938486683 0.11582439270720446 -0.073755750996627747 0.046147529748860994 0.13843298000283286 -0.09805061878281679 0.041362115620962869 0.040901903673036699 0.057112226951951055 -0.012211145726867635 0.10096118980542512 -0.084786189671959084 0.06169776103738888 0.11250672275160466 -0.098984730432022647 0.086486499812590392
leaf_weight=226.88999768625945 3.944242291152479 109.81403349107131 181.75703439395875 207.37885143049061 6.1017646281980005 72.015812110621482 3.6435333117842665 6.2324208905920377 7.8344661276787511 45.437943572178483 17.796080472879112 13.422917883843182 16.481964810751379 12.874186629429458 6.4110810887068492 4.5765771046280852 21.832494080066681 35.789649439044297 21.195762261748314 5.6860402412712565 19.541773798875511 103.71700210031122 91.523242426104844 198.51976192044094 4.0170717351138618 14.455934416502716 4.3773275483399621 6.5961457137018442 18.057891179807484 5.4481705869548023
leaf_count=4080 32 397 2520 649 48 750 20 49 44 285 90 102 112 40 63 22 146 196 74 23 62 454 465 1663 19 91 28 34 204 38
internal_value=1.58466e-10 0.0468824 -0.0987764 0.0879146 0.00895544 -0.0694843 -0.00633297 0.111778 0.0223868 0.0313211 0.0331138 0.0269533 -0.00346442 0.069231 -9.38481e-05 -0.0129329 -0.0298465 0.0220407 0.0552107 0.0429981 0.0918681 0.0498769 0.0435399 -0.0185764 0.000635329 -0.0240707 -0.0507396 0.0438546 -0.0646095 0.00148033
internal_weight=1493.37 1012.71 480.663 486.44 526.268 253.773 322.302 213.611 96.3322 88.4978 203.966 186.17 65.6945 272.829 43.0598 39.4163 34.8397 49.2126 163.015 122.277 40.7375 116.591 120.475 225.97 28.9521 22.8503 18.8333 13.0072 27.4503 9.39241
internal_count=12800 5450 7350 1748 3702 3270 2551 698 614 570 1151 1061 410 1050 285 265 243 298 653 517 136 494 651 1937 186 138 119 97 274 70
is_linear=0
shrinkage=0.1


Tree=4
num_leaves=31
num_cat=0
split_feature=1 1 1 5 1 1 4 1 3 5 5 1 1 4 4 0 5 3 4 5 2 5 1 0 4 3 0 5 5 2
split_gain=523.677 132.352 22.7592 22.0951 20.7809 9.72286 9.379 9.34762 8.99204 8.64698 11.5349 7.7538 7.74132 10.829 10.8647 9.11985 7.57833 7.4069 7.64867 7.04765 8.1854 6.46935 6.34157 6.32382 5.96639 8.73493 8.40309 5.94306 12.1067 10.3482
threshold=0.75226927500000007 0.83946965000000018 0.7122044500000001 0.74955023500000006 0.87615575000000012 0.79516375000000006 8.7973895000000013 0.79875648500000007 0.81160008500000014 0.68681192000000013 0.69441891500000008 0.96766996500000013 0.8678358850000002 15.656274000000002 9.7608452500000009 23.263814000000004 0.85715067000000011 0.8519147600000001 6.2527180000000007 0.60580255000000005 9.5142752500000025 0.6148846200000001 0.86464202000000012 207.24961000000005 6.8237591500000008 0.75537240500000002 100.01466300000001 0.79874110500000006 0.80980526500000016 58.869430500000007
decision_type=2 2 2 2 2 2 2 2 2 2 2 2 2 2 2 2 2 2 2 2 2 2 2 2 2 2 2 2 2 2
left_child=2 3 -1 5 12 19 17 -7 -5 -9 -11 -8 15 14 -14 -3 -13 18 -6 -2 -21 -22 27 -15 25 26 -4 29 -29 -17
right_child=1 4 24 8 6 7 11 9 -10 10 -12 16 13 23 -16 22 -18 -19 -20 20 21 -23 -24 -25 -26 -27 -28 28 -30 -31
leaf_value=-0.12241124285339267 0.099185908548073284 -0.04660908226779769 -0.02430472217462441 0.019432012209101207 0.081068878314234122 0.088767547806429467 0.10707307597654009 0.046579306768727478 0.070393843619737093 -0.12584006062595673 -0.0031589611832325282 0.084710380715964317 0.086735993235291534 0.011820732163214092 -0.074153659898137256 0.090323315538101592 -0.062252978616168221 0.11175760827911903 -0.071307973321525928 -0.084128231675106524 -0.19175761830392077 -0.018129984778182631 0.129387570460577 0.13494140858224399 -0.090038179014062442 -0.12530258939409528 -0.1253979212348787 -0.075106853384375921 0.062077606228845589 0.012497800178790319
leaf_weight=201.24924092064612 4.4628234887495628 7.1876721940934649 58.079298774711788 132.28337580291554 5.4716157466173199 13.386993510648606 223.9239938040264 31.508947619237006 46.898185482248664 8.3790838140994293 89.807716788956895 10.167461975477634 5.6524379998445538 8.242402348667385 16.302838440984488 79.531449736095965 5.3577066939324132 7.7143964432179919 8.2778899027034623 22.839575658552349 2.1738471258431664 167.32269318215549 15.442899318411945 8.4470739904791099 98.786134942900389 14.035590154118834 9.5783478613011521 8.8768156329169852 23.367450669407845 21.759752341080457
leaf_count=4080 26 33 646 910 21 109 818 220 297 72 655 54 25 32 59 353 41 21 43 262 11 1640 48 34 1553 256 215 43 93 130
internal_value=7.91255e-11 0.0388814 -0.0992881 0.00435503 0.0782065 -0.0106253 0.0966584 0.00921056 0.0327705 0.00099881 -0.0136283 0.102335 0.0534936 0.0134209 -0.0327322 0.06341 0.0339936 0.0333323 -0.0106696 -0.025047 -0.0279296 -0.0203568 0.068718 0.074136 -0.0735038 -0.05351 -0.0386166 0.0617018 0.0243109 0.0736045
internal_weight=1356.52 974.787 381.729 519.063 455.724 339.882 260.913 143.083 179.182 129.696 98.1868 239.449 194.811 38.6448 21.9553 156.166 15.5252 21.4639 13.7495 196.799 192.336 169.497 148.978 16.6895 180.479 81.6932 67.6576 133.535 32.2443 101.291
internal_count=12800 6050 6750 4202 1848 2995 998 1056 1207 947 727 913 850 150 84 700 95 85 64 1939 1913 1651 667 66 2670 1117 861 619 136 483
is_linear=0
shrinkage=0.1


Tree=5
num_leaves=31
num_cat=0
split_feature=1 1 1 1 3 5 0 3 1 2 1 2 2 4 1 4 4 5 3 0 1 1 3 3 4 4 3 1 3 1
split_gain=415.109 89.5134 46.8748 11.5214 11.0277 9.07656 8.93846 8.55868 8.29995 8.16645 8.04031 6.67216 8.74498 6.4707 7.2524 6.35542 5.66671 6.34622 5.60907 5.43805 5.2097 4.67995 8.0463 6.08381 4.67035 5.33685 10.7943 7.04797 5.57992 4.87232
threshold=0.79516375000000006 0.73870575000000016 0.86059392000000012 0.69410098000000009 0.63168932000000011 0.75024200000000019 3.8023806000000007 0.82499375000000008 0.91457295000000005 10.635964500000002 0.97938680000000011 21.304497500000004 39.177450000000007 14.549185500000002 0.86464202000000012 6.6682156500000014 1.6588733000000002 0.61905515500000019 0.85884535000000006 1039.7149000000002 0.83215952000000015 0.90492093500000015 0.79051291500000009 0.77599525000000014 15.268746500000001 10.199675250000002 0.70702565000000017 0.76851153000000016 0.7765664000000001 0.78438556500000012
decision_type=2 2 2 2 2 2 2 2 2 2 2 2 2 2 2 2 2 2 2 2 2 2 2 2 2 2 2 2 2 2
left_child=1 3 7 -1 -5 9 -7 19 13 16 -10 24 -13 14 -4 20 -3 -18 -16 -2 -9 23 -23 -15 25 28 -27 -28 29 -11
right_child=2 5 8 4 -6 6 -8 15 10 11 -12 12 -14 21 18 -17 17 -19 -20 -21 -22 22 -24 -25 -26 26 27 -29 -30 -31
leaf_value=-0.12384140170809169 0.023429610426893399 0.039863014264082369 0.11987318179856624 0.030599076970113621 -0.08955271784054411 -0.14663174682329186 0.022841745344658947 -0.14484315703706627 0.11050013404054611 -0.038163222182752282 -0.016474837163082227 -0.059582224961242131 -0.0060718768195035869 0.14530271945336887 0.047472601131947373 0.069853558869809956 0.097894158479679486 -0.098060915000741114 -0.035448548826249114 -0.1071023806360359 0.051862741087525727 -0.10933245853558626 0.078202882070585844 0.081265599127326088 -0.069013860975573937 0.14093914871421856 0.054851301884526832 -0.11798855207228701 0.082629458483668247 0.046622436378266498
leaf_weight=127.31206519156694 280.70438671647571 3.8809231380000702 12.082381114363669 8.0460216356441361 150.91640004934743 3.3041702248156062 53.548901550006121 2.6053168959915629 108.03862381260842 33.431956934276968 5.2283021993935099 74.067870602710173 51.970306075178087 18.087800217792392 57.440338265150785 64.147121570073068 1.7439431166276325 31.599710297770798 9.5078439116477949 3.2283123550005248 2.7864157315343618 3.2015009243041268 8.0169595368206483 82.5188058023341 8.6103038229048234 8.1394664011895674 5.8498473097570223 3.9538729535415769 5.9341611554846159 8.5013696448877436
leaf_count=2958 1937 38 51 88 2854 30 435 24 399 386 49 855 639 64 260 394 14 447 48 29 17 16 51 360 91 51 58 44 61 52
internal_value=2.86337e-11 -0.0616043 0.0544112 -0.101425 -0.0834711 -0.022901 0.0129923 0.0296462 0.0831947 -0.0314865 0.104639 -0.0234989 -0.0375179 0.0704681 0.0485655 0.0610889 -0.074501 -0.0878121 0.0356963 0.0219455 -0.0431867 0.0859473 0.0246844 0.0927787 0.000243467 0.00930471 0.0558167 -0.0148556 -0.00813036 -0.0209742
internal_weight=1238.41 580.811 657.594 286.274 158.962 294.537 56.8531 353.472 304.123 237.684 113.267 200.459 126.038 190.856 79.0306 69.5389 37.2246 33.3437 66.9482 283.933 5.39173 111.825 11.2185 100.607 74.421 65.8107 17.9432 9.80372 47.8675 41.9333
internal_count=12800 9101 3699 5900 2942 3201 465 2401 1298 2736 448 2237 1494 850 359 435 499 461 308 1966 41 491 67 424 743 652 153 102 499 438
is_linear=0
shrinkage=0.1


Tree=6
num_leaves=31
num_cat=0
split_feature=1 1 1 1 1 1 2 5 0 3 1 2 3 3 4 0 5 5 3 2 3 1 0 0 0 3 3 5 0 5
split_gain=331.892 94.7587 17.0828 12.4712 10.448 5.87714 9.75173 5.57167 6.20138 5.53187 5.39283 6.6653 8.41171 4.52619 4.46565 4.43753 4.36729 4.66321 5.45433 7.67216 5.42747 4.35033 8.73981 4.26175 4.07436 4.00929 4.78222 4.24833 4.17073 4.0092
threshold=0.75226927500000007 0.84294462000000003 0.69410098000000009 0.79516375000000006 0.88720180000000004 0.96766996500000013 62.321205500000005 0.74871242500000001 3.8023806000000007 0.63408935000000011 0.74028528000000005 41.828691500000005 0.75303995500000009 0.68022990000000016 9.6734165000000019 75.862520000000018 0.78120410000000007 0.80098391000000013 0.8153587550000001 25.076420500000005 0.7820923500000001 0.78960085000000013 76.995695000000012 13.383124000000002 161.81522500000003 0.7682297250000002 0.74888540000000015 0.7476387000000001 62.690748000000006 0.68624997500000007
decision_type=2 2 2 2 2 2 2 2 2 2 2 2 2 2 2 2 2 2 2 2 2 2 2 2 2 2 2 2 2 2
left_child=2 3 -1 7 25 -6 -7 -2 -9 14 13 -12 -13 15 -4 -11 29 20 19 -19 24 23 -23 -10 -18 26 27 28 -3 -5
right_child=1 4 9 16 5 6 -8 8 21 10 11 12 -14 -15 -16 -17 17 18 -20 -21 -22 22 -24 -25 -26 -27 -28 -29 -30 -31
leaf_value=-0.11813684609188767 -0.023828869152348012 0.084042484277875931 0.042591243692600714 0.044704969175084569 0.094325310105796922 0.081478725659830956 -0.094879902538786295 -0.13895925687387403 0.11134927953820739 -0.030382670884633495 -0.061101598335638246 0.12941863679220861 -0.075238120740590844 -0.092500705152655488 -0.13446426748515494 -0.12641427234867403 -0.034711150279522769 0.066972306871093207 0.062203375386505104 -0.092993762312411188 0.0977437401029813 -0.14969810306568401 0.042315599614509314 0.021662644884716677 0.075600086204592257 0.046062159116594024 0.11372300631503265 0.083696885371119426 -0.047256592976278822 0.0049851237665814833
leaf_weight=114.13950839568861 159.07811772078276 3.8275509811937827 7.1414874009788019 30.175418139901012 164.09433857537806 10.516532962210475 4.4672015684191129 2.5425490234047166 6.2412696052342644 24.660006517544392 41.687394129578024 4.4915333669632655 3.632550373673439 111.89745600288734 1.7794576063752172 5.978423091582953 7.223583569750188 4.6995841134339598 10.36406436562538 8.2817405485548061 21.015123141929507 4.1190085634589177 5.5841779783368111 35.065900966059417 6.2411537077277899 135.14313874719664 22.210179626010358 15.468198234215377 6.5755058489739895 160.98949971166439
leaf_count=2958 1925 16 78 250 700 57 41 27 29 388 627 48 67 2405 32 147 65 39 58 70 107 28 46 296 25 731 89 71 43 1337
internal_value=-6.22268e-11 0.0333938 -0.087233 0.00334975 0.0716739 0.0888511 0.0288997 -0.0144367 0.0134626 -0.0697074 -0.0732777 -0.0449532 0.0379097 -0.0831762 0.00727405 -0.0491211 0.0185389 0.0426191 0.00810745 -0.0350818 0.065986 0.0210599 -0.0391943 0.0352138 0.0164201 0.0548855 0.0796854 0.0504645 0.0010517 0.0112549
internal_weight=1139.33 823.924 315.408 461.621 362.303 179.078 14.9837 212.631 53.5529 201.268 192.347 49.8115 8.12408 142.536 8.92095 30.6384 248.99 57.8252 23.3454 12.9813 34.4799 51.0104 9.70319 41.3072 13.4647 183.225 48.0814 25.8713 10.4031 191.165
internal_count=12800 6050 6750 4302 1748 798 98 2351 426 3792 3682 742 115 2940 110 535 1951 364 167 109 197 399 74 325 90 950 219 130 59 1587
is_linear=0
shrinkage=0.1


Tree=7
num_leaves=31
num_cat=0
split_feature=1 1 1 1 1 5 1 3 3 4 0 2 5 2 0 4 3 3 5 2 3 4 4 2 2 2 2 2 3 3
split_gain=266.622 78.6567 15.4774 9.2526 8.02025 5.41272 4.96864 5.59806 5.82797 7.70769 6.84503 5.75179 5.46751 4.17394 5.19799 8.34325 5.50803 3.82692 3.67537 3.79603 5.01232 7.40251 4.73946 4.01076 3.88882 3.68515 6.65208 4.82821 4.08212 7.35213
threshold=0.75226927500000007 0.84446452500000013 0.7122044500000001 0.79629720000000015 0.89355492500000011 0.75024200000000019 0.96766996500000013 0.83176745000000007 0.82037283000000005 8.7973895000000013 274.11474500000003 60.225278500000009 0.85715067000000011 11.855743500000001 32.895759000000005 7.9650128000000011 0.68736638000000017 0.67337725000000004 0.60580255000000005 10.635964500000002 0.70702565000000017 9.8383175000000005 15.563975000000001 4.3834988000000008 21.304497500000004 39.177450000000007 41.116007000000003 19.662116000000005 0.72734892500000015 0.73710715000000004
decision_type=2 2 2 2 2 2 2 2 2 2 2 2 2 2 2 2 2 2 2 2 2 2 2 2 2 2 2 2 2 2
left_child=2 3 13 5 -3 18 7 8 9 -6 -10 -12 -8 14 15 16 -1 -7 -2 23 21 -21 24 -20 -23 27 -27 -22 -28 -30
right_child=1 4 -4 -5 6 17 12 -9 10 -11 11 -13 -14 -15 -16 -17 -18 -19 19 20 25 22 -24 -25 -26 26 28 -29 29 -31
leaf_value=0.015114457533514633 0.077565657390961315 0.054039261677879515 -0.058717259519581733 0.016713908937022497 -0.035678872295572782 0.13605037409840592 0.074136557346932405 0.11237920128687856 0.11558573331789655 0.10311942869110782 -0.078092961383158258 0.055560027123499944 -0.059661932925912424 -0.11721134447377633 -0.13414685742284918 -0.11907523935668546 -0.094370780487350758 0.010420402080496721 -0.0013170848254637662 -0.033113124944026712 -0.008639000297304026 0.13832216514073276 -0.040147507726894155 -0.093825378711724972 0.0059250467645811291 0.11980062534107781 -0.13958555487260493 -0.062488455425662219 0.14308170272524223 -0.022356103162324708
leaf_weight=14.048084316775205 3.686265234835445 182.75532587734051 141.91947227623314 239.13949458138086 4.4237199686467639 2.5596189349889746 8.8395095565356296 64.997583881020546 5.6339743314310935 41.857467215508223 6.9808630906045419 5.9766657613217831 4.6664191302843383 96.444428822258487 13.529538723640142 14.68417287012562 6.8285469505935898 46.009591690264642 7.0377021767199066 13.051608549896629 27.961526080500335 8.0055662728846055 2.9955053431913248 14.029389623086898 3.0689839355181894 4.0191831537522367 2.4884490203112355 41.16019544005394 2.9719511903822449 27.941188290715218
leaf_count=219 26 1000 2670 1951 21 15 57 305 29 196 23 26 41 2935 408 382 136 398 109 159 303 43 42 206 30 39 43 579 22 387
internal_value=1.72495e-10 0.0306026 -0.082215 0.00331564 0.0679292 -0.0121639 0.0856341 0.0916374 0.0708557 0.0898526 0.0235653 -0.0164455 0.027908 -0.105129 -0.0813918 -0.0613205 -0.0206971 0.0170412 -0.0211178 -0.0234688 -0.0172506 0.0211303 0.0714474 -0.0629219 0.101632 -0.0270209 -0.00174436 -0.040705 -0.0163698 -0.00645112
internal_weight=1059.71 772.258 287.454 446.126 326.132 206.987 143.376 129.87 64.8727 46.2812 18.5915 12.9575 13.5059 145.535 49.0903 35.5608 20.8766 48.5692 158.418 154.731 133.664 27.1217 14.0701 21.0671 11.0746 106.542 37.4208 69.1217 33.4016 30.9131
internal_count=12800 6050 6750 4352 1698 2401 698 600 295 217 78 49 98 4080 1145 737 355 413 1988 1962 1647 274 115 315 73 1373 491 882 452 409
is_linear=0
shrinkage=0.1


Tree=8
num_leaves=31
num_cat=0
split_feature=1 1 1 1 1 1 4 5 3 0 5 4 3 3 3 2 3 4 5 2 5 2 0 1 1 1 5 3 1 2
split_gain=215.738 63.8601 13.853 11.4033 8.43498 6.56801 4.86715 4.5723 6.91563 4.74489 4.55397 5.09894 4.61408 7.25308 4.42537 5.04861 4.69632 4.34435 4.34393 4.22665 4.62842 4.54204 4.23515 4.18064 4.57056 5.44494 6.03495 5.82131 4.08374 4.91087
threshold=0.74979530000000005 0.84294462000000003 0.69410098000000009 0.91457295000000005 0.79516375000000006 0.95716631500000016 9.9668635000000005 0.66350735000000005 0.69415403000000009 52.509538500000012 0.74087405000000006 4.5050697500000014 0.73337318000000007 0.73184658000000014 0.79532932000000012 54.396371000000009 0.80364467000000006 14.549185500000002 0.57129300000000016 15.532971500000002 0.60968017500000016 21.479936000000002 3.8023806000000007 0.87020373000000018 0.8678358850000002 0.86464202000000012 0.75308453000000009 0.78681540000000016 0.74263905000000008 45.446595000000009
decision_type=2 2 2 2 2 2 2 2 2 2 2 2 2 2 2 2 2 2 2 2 2 2 2 2 2 2 2 2 2 2
left_child=2 4 -1 17 10 -5 7 9 -9 18 12 -12 13 19 -14 16 -16 -3 -4 20 -2 -21 -22 24 25 26 -19 -28 -8 -30
right_child=1 3 6 5 -6 -7 28 8 -10 -11 11 -13 14 -15 15 -17 -18 23 -20 21 22 -23 -24 -25 -26 -27 27 -29 29 -31
leaf_value=-0.11172553709404143 0.090275214762850359 0.035348610982680405 0.16199868438042433 0.113248373083635 0.015445484313865186 0.051100826410543511 -0.10223033976030121 0.012748173719812137 -0.056775173765875632 -0.11202014429750606 -0.12519108995147984 0.017057272671646258 -0.052938743944484973 0.14156750048180999 0.11693642209609008 -0.077100558608759209 -0.011217177365759466 0.10223161736968429 -0.056022451212616245 0.050534226053358347 0.053396661824323212 -0.021572298931330988 -0.068812362668397617 0.07931388463835054 -0.054213731624608186 0.14638042367770257 0.073113211562657918 -0.011674368741363838 -0.068534208204372712 0.10600378325829425
leaf_weight=87.821313684922643 2.477072678506377 103.18341854121536 0.94209139794111507 55.909147154074162 226.35939494182821 24.438608406111598 40.70070221577771 21.472458566306159 42.879733251873404 19.760694643948227 2.6388441398739806 55.910316336667165 57.310972379986197 3.2835109271109095 4.839186525903644 5.1891368115320793 6.9900462732184678 11.712346067652105 30.510681109735742 16.40549595747143 3.2574758473783758 18.685782729648054 21.901551152579486 70.069224260514602 4.4757838360965243 5.3773954920470706 12.754761042073367 22.177236404037103 6.917146366555242 2.1019020061939955
leaf_count=2958 20 586 10 300 1951 148 1119 305 906 583 35 536 840 20 44 87 130 70 534 134 34 288 333 395 24 23 58 144 156 29
internal_value=-8.98389e-11 0.0274089 -0.0796305 0.0619185 0.00224387 0.0943455 -0.0625774 -0.0513217 -0.0335773 -0.0736186 -0.0127811 0.0106461 -0.0225548 -0.00331398 -0.0396423 0.00513464 0.0412088 0.0505782 -0.0494922 -0.0108979 -0.0401482 0.0121382 -0.0529893 0.0629942 0.0427542 0.051097 0.0401122 0.0192842 -0.0887393 -0.0278579
internal_weight=988.453 735.347 253.107 310.098 425.249 80.3478 165.285 115.566 64.3522 51.2135 198.889 58.5492 140.34 66.0109 74.3293 17.0184 11.8292 229.75 31.4528 62.7274 27.6361 35.0913 25.159 126.567 56.4975 52.0217 46.6443 34.932 49.7198 9.01905
internal_count=12800 6200 6600 1748 4452 448 3642 2338 1211 1127 2501 571 1930 829 1101 261 174 1300 544 809 387 422 367 714 319 295 272 202 1304 185
is_linear=0
shrinkage=0.1


Tree=9
num_leaves=31
num_cat=0
split_feature=1 1 1 1 1 1 3 3 0 4 5 3 5 5 2 3 5 5 4 1 0 4 5 3 3 2 2 0 3 0
split_gain=171.921 53.5427 12.6094 10.2363 6.7679 7.16926 5.52706 11.4639 5.43299 5.30651 5.24374 4.55872 6.13613 4.95089 4.52516 4.387 4.2405 4.26283 4.20726 5.33261 4.03779 4.00282 3.74878 3.72894 7.13965 5.82538 5.13473 4.25792 5.87297 4.75424
threshold=0.74979530000000005 0.85860360000000013 0.69410098000000009 0.81310452500000008 0.91457295000000005 0.97938680000000011 0.75016701500000005 0.73184658000000014 128.63781500000002 6.8237591500000008 0.72261536500000012 0.75537240500000002 0.65885806000000013 0.72194910000000012 109.39640500000002 0.63408935000000011 0.6856234000000001 0.69441891500000008 14.549185500000002 0.86255812500000006 2.7479928000000005 13.857245500000001 0.67116045000000013 0.77730381500000012 0.77969980000000005 58.869430500000007 13.856352000000001 374.69901000000004 0.78857255000000015 316.36654500000003
decision_type=2 2 2 2 2 2 2 2 2 2 2 2 2 2 2 2 2 2 2 2 2 2 2 2 2 2 2 2 2 2
left_child=2 3 -1 14 18 -6 7 8 -5 11 -9 12 -4 15 20 -14 22 -18 19 -3 -2 -21 -8 25 -25 26 -19 28 -26 -30
right_child=1 4 9 6 5 -7 16 10 -10 -11 -12 -13 13 -15 -16 -17 17 23 -20 21 -22 -23 -24 24 27 -27 -28 -29 29 -31
leaf_value=-0.1077008613441488 -0.090218189171948238 0.099803830969136365 -0.062804090031222434 -0.0066204865904772635 0.098267581700102483 -0.035069741748862619 0.018759304686439063 -0.15588803831432962 0.081936961789260548 -0.07707218189676876 -0.03591664330261414 -0.10075844267346701 0.17524592730901639 -0.095330415328459275 0.11670348697236661 0.0045247607822480832 -0.084783054185619586 -0.039018592239886567 0.067714433473929719 0.029840416244099666 -0.006677026538299647 -0.067760870729807077 0.12533526993504221 -0.13140249413488739 0.080617293465723605 -0.063007802464198001 0.087144508869570259 0.06442366408406916 0.0097907273281945262 -0.1027575562461643
leaf_weight=78.08382598659955 5.9174952725879839 10.404055893421171 30.385906263254583 16.515755739063028 67.67567031364888 4.2879691561684004 5.3906670836731783 5.2920539788901833 11.933170928154139 75.234248061664402 11.693231087643651 10.519076234661041 1.5879202820360685 4.8528197733685365 2.9165533147752276 28.892251052428037 3.3800231162458649 3.6681946022436049 85.502722216071561 50.973471352830529 259.42226490320172 4.5795004256069651 8.511773305013774 3.035882198251783 11.479501096997408 3.5751205682754508 26.755318450275809 21.015465015079826 69.066843455657363 3.9688875051215282
leaf_count=2958 86 51 672 119 399 49 56 42 100 2064 97 316 13 89 25 488 39 23 516 304 3190 29 51 23 76 30 186 160 519 30
internal_value=6.91945e-11 0.0247216 -0.075058 0.00568314 0.065073 0.0903226 0.0224903 -0.00828724 0.0305258 -0.0582307 -0.0732958 -0.0396372 -0.029854 -0.0015174 -0.00717844 0.0134188 0.0312383 0.0262113 0.0530761 0.0340998 -0.00854013 0.0217947 0.0840105 0.0288429 0.0197924 0.0577432 0.0719329 0.024142 0.0141256 0.00367466
internal_weight=926.518 696.962 229.556 473.538 223.423 71.9636 205.282 45.4342 28.4489 151.472 16.9853 76.238 65.7189 35.333 268.256 30.4802 159.848 145.945 151.46 65.957 265.34 55.553 13.9024 142.565 108.567 33.9986 30.4235 105.531 84.5152 73.0357
internal_count=12800 6200 6600 4852 1348 448 1551 358 219 3642 139 1578 1262 590 3301 501 1193 1086 900 384 3276 333 107 1047 808 239 209 785 625 549
is_linear=0
shrinkage=0.1


end of trees

feature_importances:
Column_1=93
Column_3=48
Column_5=46
Column_2=43
Column_0=35
Column_4=35

parameters:
[boosting: gbdt]
[objective: lambdarank]
[metric: ndcg]
[tree_learner: serial]
[device_type: cpu]
[data_sample_strategy: bagging]
[data: ]
[valid: ]
[num_iterations: 100]
[learning_rate: 0.1]
[num_leaves: 31]
[num_threads: 0]
[seed: 0]
[deterministic: 0]
[force_col_wise: 0]
[force_row_wise: 0]
[histogram_pool_size: -1]
[max_depth: -1]
[min_data_in_leaf: 20]
[min_sum_hessian_in_leaf: 0.001]
[bagging_fraction: 1]
[pos_bagging_fraction: 1]
[neg_bagging_fraction: 1]
[bagging_freq: 0]
[bagging_seed: 3]
[bagging_by_query: 0]
[feature_fraction: 1]
[feature_fraction_bynode: 1]
[feature_fraction_seed: 2]
[extra_trees: 0]
[extra_seed: 6]
[early_stopping_round: 0]
[early_stopping_min_delta: 0]
[first_metric_only: 0]
[max_delta_step: 0]
[lambda_l1: 0]
[lambda_l2: 0]
[linear_lambda: 0]
[min_gain_to_split: 0]
[drop_rate: 0.1]
[max_drop: 50]
[skip_drop: 0.5]
[xgboost_dart_mode: 0]
[uniform_drop: 0]
[drop_seed: 4]
[top_rate: 0.2]
[other_rate: 0.1]
[min_data_per_group: 100]
[max_cat_threshold: 32]
[cat_l2: 10]
[cat_smooth: 10]
[max_cat_to_onehot: 4]
[top_k: 20]
[monotone_constraints: ]
[monotone_constraints_method: basic]
[monotone_penalty: 0]
[feature_contri: ]
[forcedsplits_filename: ]
[refit_decay_rate: 0.9]
[cegb_tradeoff: 1]
[cegb_penalty_split: 0]
[cegb_penalty_feature_lazy: ]
[cegb_penalty_feature_coupled: ]
[path_smooth: 0]
[interaction_constraints: ]
[verbosity: -1]
[saved_feature_importance_type: 0]
[use_quantized_grad: 0]
[num_grad_quant_bins: 4]
[quant_train_renew_leaf: 0]
[stochastic_rounding: 1]
[linear_tree: 0]
[max_bin: 255]
[max_bin_by_feature: ]
[min_data_in_bin: 3]
[bin_construct_sample_cnt: 200000]
[data_random_seed: 1]
[is_enable_sparse: 1]
[enable_bundle: 1]
[use_missing: 1]
[zero_as_missing: 0]
[feature_pre_filter: 1]
[pre_partition: 0]
[two_round: 0]
[header: 0]
[label_column: ]
[weight_column: ]
[group_column: ]
[ignore_column: ]
[categorical_feature: ]
[forcedbins_filename: ]
[precise_float_parser: 0]
[parser_config_file: ]
[objective_seed: 5]
[num_class: 1]
[is_unbalance: 0]
[scale_pos_weight: 1]
[sigmoid: 1]
[boost_from_average: 1]
[reg_sqrt: 0]
[alpha: 0.9]
[fair_c: 1]
[poisson_max_delta_step: 0.7]
[tweedie_variance_power: 1.5]
[lambdarank_truncation_level: 30]
[lambdarank_norm: 1]
[label_gain: ]
[lambdarank_position_bias_regularization: 0]
[eval_at: 1,3,5]
[multi_error_top_k: 1]
[auc_mu_weights: ]
[num_machines: 1]
[local_listen_port: 12400]
[time_out: 120]
[machine_list_filename: ]
[machines: ]
[gpu_platform_id: -1]
[gpu_device_id: -1]
[gpu_use_dp: 0]
[num_gpu: 1]

end of parameters

pandas_categorical:null
